0 32 100
0 87 100
0 106 100
1 4 100
1 40 100
1 54 100
1 73 100
1 174 100
1 196 100
1 197 100
2 63 100
2 65 100
3 45 100
3 49 100
3 142 100
3 195 100
4 55 100
4 84 100
4 93 100
5 13 100
5 168 100
6 89 100
6 101 100
6 112 100
6 168 100
7 9 100
7 14 100
7 36 100
7 69 100
7 71 100
7 151 100
7 161 100
8 61 100
8 139 100
8 170 100
9 42 100
9 56 100
9 57 100
9 59 100
9 84 100
9 87 100
9 113 100
9 137 100
9 170 100
9 178 100
10 98 100
10 123 100
11 15 100
11 33 100
11 83 100
11 95 100
11 118 100
11 131 100
11 174 100
11 195 100
12 30 100
12 39 100
13 14 100
13 109 100
13 144 100
13 161 100
13 189 100
14 90 100
14 110 100
14 126 100
14 131 100
15 55 100
15 108 100
15 147 100
15 176 100
15 177 100
16 48 100
16 86 100
16 139 100
16 168 100
16 187 100
17 65 100
17 69 100
17 126 100
18 33 100
18 61 100
18 145 100
18 148 100
18 175 100
19 80 100
19 130 100
20 21 100
20 31 100
20 33 100
20 40 100
20 79 100
20 107 100
20 110 100
20 151 100
20 164 100
20 165 100
21 24 100
21 120 100
21 131 100
21 135 100
21 152 100
21 155 100
21 195 100
22 49 100
22 101 100
22 154 100
22 169 100
22 177 100
23 60 100
23 93 100
23 96 100
23 125 100
23 131 100
24 181 100
25 53 100
25 56 100
25 66 100
25 91 100
25 107 100
25 137 100
25 147 100
26 33 100
26 60 100
26 118 100
26 171 100
26 192 100
27 69 100
27 118 100
27 124 100
28 34 100
28 55 100
28 59 100
28 79 100
29 45 100
29 68 100
29 70 100
29 72 100
29 91 100
29 155 100
29 191 100
30 88 100
30 92 100
30 100 100
30 138 100
30 189 100
31 129 100
31 180 100
32 84 100
32 97 100
32 103 100
32 190 100
33 40 100
33 118 100
33 149 100
34 75 100
34 143 100
34 145 100
34 153 100
34 176 100
34 193 100
35 40 100
35 43 100
35 48 100
35 59 100
35 161 100
35 173 100
35 181 100
36 42 100
36 78 100
36 88 100
36 96 100
36 143 100
36 173 100
36 189 100
37 40 100
37 41 100
37 43 100
37 52 100
37 76 100
37 89 100
37 155 100
37 182 100
37 194 100
38 53 100
38 91 100
38 114 100
38 162 100
39 109 100
40 112 100
40 116 100
40 157 100
40 169 100
41 45 100
41 103 100
41 166 100
41 191 100
41 198 100
42 57 100
42 70 100
42 105 100
42 110 100
42 149 100
42 157 100
42 176 100
43 113 100
43 137 100
43 161 100
43 168 100
43 172 100
44 50 100
44 108 100
44 184 100
45 143 100
46 77 100
46 106 100
46 132 100
46 150 100
46 151 100
46 172 100
46 196 100
47 192 100
47 198 100
48 83 100
49 54 100
49 94 100
49 113 100
49 116 100
49 121 100
49 193 100
50 171 100
50 190 100
51 92 100
51 102 100
51 130 100
51 131 100
51 164 100
52 137 100
52 139 100
52 147 100
52 149 100
52 170 100
53 91 100
53 118 100
53 191 100
54 72 100
54 86 100
54 139 100
54 180 100
55 97 100
55 118 100
55 165 100
56 59 100
56 70 100
56 123 100
56 156 100
56 157 100
56 176 100
57 68 100
57 155 100
57 159 100
57 178 100
58 69 100
58 103 100
58 196 100
59 115 100
59 128 100
59 153 100
59 186 100
60 99 100
60 125 100
61 107 100
61 141 100
61 143 100
61 165 100
61 185 100
62 79 100
62 185 100
63 84 100
63 98 100
63 113 100
63 151 100
64 77 100
64 155 100
64 169 100
64 176 100
65 191 100
66 74 100
66 95 100
67 78 100
67 112 100
68 84 100
68 199 100
69 73 100
69 80 100
69 117 100
69 179 100
69 185 100
71 92 100
71 132 100
71 149 100
72 95 100
72 102 100
72 107 100
73 125 100
74 116 100
74 130 100
74 174 100
75 137 100
75 145 100
76 80 100
76 101 100
76 114 100
76 123 100
76 181 100
77 93 100
77 107 100
77 132 100
77 141 100
77 152 100
78 89 100
80 132 100
81 109 100
81 155 100
81 163 100
81 173 100
82 139 100
82 140 100
83 98 100
84 101 100
84 111 100
84 176 100
84 189 100
85 87 100
85 154 100
86 138 100
86 142 100
86 192 100
87 93 100
87 199 100
88 168 100
89 128 100
89 165 100
89 186 100
89 194 100
91 134 100
92 124 100
92 143 100
92 169 100
93 96 100
93 107 100
93 140 100
93 198 100
94 115 100
94 145 100
95 173 100
95 187 100
96 156 100
96 183 100
96 193 100
97 162 100
97 181 100
97 194 100
97 195 100
98 135 100
99 110 100
99 126 100
99 136 100
99 183 100
100 117 100
100 198 100
101 118 100
101 150 100
101 159 100
101 169 100
102 134 100
102 155 100
103 161 100
103 185 100
104 168 100
104 186 100
104 188 100
105 146 100
105 160 100
106 117 100
106 118 100
106 145 100
106 148 100
106 187 100
107 165 100
108 123 100
108 160 100
108 185 100
109 110 100
110 117 100
110 134 100
111 152 100
113 125 100
113 140 100
113 178 100
113 187 100
114 134 100
114 142 100
115 134 100
115 180 100
116 178 100
116 189 100
117 119 100
117 128 100
117 170 100
117 175 100
118 142 100
118 150 100
118 157 100
119 125 100
120 140 100
121 124 100
121 125 100
121 131 100
121 138 100
121 164 100
121 177 100
121 179 100
121 197 100
122 156 100
123 168 100
124 134 100
124 167 100
125 173 100
126 138 100
126 198 100
127 141 100
127 194 100
128 170 100
129 143 100
129 168 100
130 138 100
130 142 100
130 165 100
130 182 100
130 184 100
130 193 100
130 196 100
131 152 100
131 154 100
131 172 100
132 175 100
132 176 100
133 168 100
133 173 100
133 189 100
134 140 100
134 162 100
134 174 100
134 177 100
135 154 100
135 155 100
135 176 100
136 170 100
138 150 100
140 146 100
140 173 100
141 172 100
142 144 100
142 145 100
142 157 100
142 190 100
142 195 100
142 196 100
143 151 100
143 162 100
143 175 100
143 180 100
144 156 100
144 178 100
145 199 100
146 155 100
146 164 100
146 168 100
146 191 100
148 164 100
150 186 100
150 190 100
151 160 100
151 177 100
151 191 100
151 192 100
152 155 100
152 188 100
153 159 100
153 174 100
154 183 100
154 184 100
157 165 100
158 173 100
160 178 100
162 189 100
163 177 100
164 169 100
164 190 100
166 181 100
167 193 100
168 185 100
169 199 100
172 182 100
172 192 100
173 198 100
179 181 100
180 188 100
198 199 100
