171 164 0
46 159 0
104 28 0
64 5 0
1 75 0
130 26 0
145 17 0
179 176 0
123 191 0
44 58 0
69 157 0
86 15 0
63 170 0
56 81 0
190 146 0
82 161 0
110 81 0
72 166 0
109 137 0
171 63 0
164 101 0
41 109 0
71 172 0
38 146 0
115 34 0
4 184 0
191 90 0
151 55 0
12 8 0
88 154 0
154 171 0
116 16 0
4 188 0
182 113 0
77 153 0
128 42 0
6 169 0
103 29 0
94 141 0
175 9 0
176 131 0
194 119 0
174 97 0
174 138 0
105 63 0
93 11 0
186 9 0
27 190 0
149 161 0
55 179 0
66 184 0
173 25 0
105 28 0
54 199 0
122 30 0
161 50 0
161 107 0
169 135 0
4 96 0
74 110 0
111 119 0
73 49 0
80 53 0
39 29 0
14 46 0
160 81 0
182 85 0
106 40 0
66 112 0
39 188 0
142 0 0
38 56 0
59 159 0
191 64 0
55 17 0
126 118 0
136 199 0
167 16 0
52 158 0
198 19 0
5 110 0
52 139 0
148 110 0
179 14 0
22 19 0
2 165 0
171 192 0
21 31 0
103 164 0
47 159 0
134 173 0
77 22 0
172 197 0
191 177 0
155 141 0
196 160 0
3 48 0
52 151 0
158 31 0
165 132 0
2 119 0
97 126 0
63 70 0
109 167 0
187 156 0
78 73 0
129 155 0
95 53 0
104 38 0
182 60 0
179 130 0
172 135 0
130 24 0
86 88 0
56 4 0
21 58 0
123 70 0
136 139 0
93 45 0
106 80 0
1 184 0
105 82 0
91 0 0
88 196 0
191 70 0
56 122 0
1 28 0
57 131 0
5 144 0
172 61 0
100 145 0
71 23 0
167 8 0
114 60 0
5 20 0
92 7 0
4 197 0
41 48 0
150 129 0
44 141 0
152 52 0
63 105 0
32 73 0
36 37 0
17 160 0
50 117 0
57 122 0
92 25 0
82 7 0
85 87 0
179 130 0
46 136 0
127 88 0
184 29 0
169 180 0
170 121 0
32 186 0
26 64 0
59 15 0
102 28 0
127 152 0
97 185 0
26 141 0
162 108 0
148 47 0
148 80 0
129 194 0
16 57 0
34 0 0
38 156 0
180 161 0
29 164 0
147 8 0
28 158 0
23 130 0
138 102 0
39 61 0
176 1 0
122 77 0
1 70 0
157 130 0
16 173 0
139 3 0
125 178 0
159 57 0
139 140 0
21 38 0
148 1 0
196 123 0
84 134 0
26 119 0
121 65 0
132 97 0
67 54 0
174 68 0
76 83 0
150 45 0
8 90 0
48 85 0
68 159 0
142 159 0
99 115 0
197 48 0
69 145 0
123 153 0
31 149 0
24 152 0
167 156 0
49 186 0
163 176 0
6 39 0
59 156 0
84 20 0
46 84 0
105 66 0
195 0 0
25 47 0
67 174 0
47 136 0
119 170 0
41 150 0
120 65 0
102 39 0
22 104 0
25 137 0
80 31 0
176 91 0
187 13 0
111 186 0
49 17 0
4 45 0
17 30 0
44 36 0
156 91 0
173 76 0
61 14 0
26 133 0
80 81 0
124 54 0
185 149 0
191 17 0
132 119 0
60 72 0
84 172 0
58 134 0
141 14 0
131 110 0
196 175 0
146 153 0
66 71 0
29 79 0
86 7 0
165 118 0
88 89 0
124 25 0
39 67 0
42 123 0
186 55 0
195 71 0
27 5 0
5 120 0
20 88 0
30 16 0
63 128 0
169 81 0
0 198 0
112 38 0
158 77 0
156 46 0
167 32 0
24 158 0
99 18 0
81 85 0
73 29 0
108 100 0
34 65 0
172 54 0
153 2 0
23 16 0
83 192 0
49 83 0
143 162 0
121 101 0
39 29 0
99 158 0
61 123 0
68 160 0
142 102 0
197 15 0
131 106 0
68 165 0
171 40 0
172 125 0
93 78 0
187 95 0
113 82 0
57 34 0
183 48 0
63 83 0
159 76 0
6 27 0
36 100 0
129 33 0
116 60 0
91 184 0
26 63 0
176 150 0
140 171 0
145 33 0
49 84 0
128 162 0
167 137 0
148 102 0
186 163 0
137 145 0
39 96 0
124 27 0
196 54 0
13 112 0
114 104 0
48 92 0
119 25 0
42 59 0
196 139 0
93 198 0
24 173 0
112 143 0
111 61 0
45 49 0
176 183 0
146 168 0
79 70 0
195 27 0
124 160 0
140 191 0
65 140 0
35 184 0
165 78 0
44 162 0
169 89 0
112 193 0
14 24 0
88 125 0
37 134 0
126 14 0
69 72 0
182 100 0
143 129 0
127 67 0
90 19 0
10 107 0
160 46 0
43 125 0
76 39 0
39 45 0
128 151 0
191 95 0
128 79 0
20 165 0
13 147 0
131 34 0
171 113 0
134 114 0
195 14 0
134 85 0
33 144 0
144 193 0
142 187 0
119 18 0
27 110 0
64 107 0
62 7 0
2 142 0
86 175 0
107 52 0
74 39 0
86 45 0
104 173 0
112 51 0
187 46 0
136 20 0
142 32 0
166 37 0
20 37 0
55 199 0
147 71 0
106 161 0
78 61 0
103 117 0
36 163 0
169 62 0
2 7 0
107 58 0
132 171 0
110 119 0
169 198 0
92 112 0
31 58 0
101 3 0
47 156 0
2 194 0
180 60 0
108 10 0
73 11 0
127 61 0
174 48 0
123 128 0
8 183 0
139 140 0
154 49 0
12 124 0
199 104 0
188 182 0
114 89 0
185 161 0
197 139 0
107 177 0
152 15 0
188 25 0
179 67 0
87 105 0
116 162 0
186 124 0
145 125 0
16 52 0
126 28 0
176 125 0
132 116 0
108 198 0
5 45 0
111 2 0
185 19 0
132 89 0
186 120 0
114 117 0
139 153 0
23 7 0
68 9 0
131 165 0
86 148 0
17 12 0
128 145 0
137 61 0
61 197 0
11 18 0
43 123 0
21 180 0
94 105 0
69 32 0
177 135 0
150 116 0
41 125 0
124 109 0
86 7 0
74 172 0
107 44 0
184 36 0
189 73 0
49 3 0
71 60 0
21 66 0
135 194 0
198 181 0
99 19 0
14 76 0
106 116 0
193 147 0
193 69 0
8 79 0
76 35 0
51 184 0
31 187 0
172 20 0
60 21 0
23 83 0
33 197 0
101 169 0
191 99 0
150 91 0
118 116 0
167 25 0
184 112 0
124 177 0
181 85 0
56 58 0
120 59 0
194 151 0
46 166 0
123 59 0
139 99 0
94 172 0
96 196 0
93 39 0
47 196 0
130 166 0
112 50 0
143 97 0
114 19 0
26 96 0
104 83 0
106 176 0
94 52 0
79 93 0
170 155 0
104 109 0
6 198 0
81 102 0
194 127 0
93 42 0
123 24 0
160 35 0
26 55 0
84 140 0
26 111 0
188 83 0
146 46 0
11 40 0
98 91 0
85 68 0
198 189 0
177 4 0
188 11 0
58 134 0
138 151 0
128 61 0
127 88 0
48 153 0
95 85 0
46 74 0
196 186 0
157 142 0
33 168 0
134 131 0
11 20 0
152 9 0
9 129 0
165 149 0
92 23 0
84 182 0
127 12 0
195 54 0
53 44 0
160 100 0
81 158 0
174 77 0
144 131 0
171 177 0
100 57 0
61 63 0
77 13 0
73 39 0
94 190 0
188 139 0
14 24 0
121 141 0
37 117 0
147 42 0
113 107 0
142 194 0
17 117 0
23 162 0
0 146 0
91 52 0
3 152 0
116 33 0
165 141 0
72 12 0
131 12 0
151 97 0
37 24 0
190 74 0
93 138 0
68 6 0
197 10 0
152 15 0
79 127 0
129 80 0
73 20 0
84 77 0
173 0 0
110 90 0
93 134 0
54 25 0
146 5 0
122 183 0
30 113 0
9 75 0
3 77 0
82 0 0
40 186 0
167 119 0
114 96 0
151 139 0
117 36 0
16 42 0
188 78 0
84 82 0
12 139 0
107 159 0
96 181 0
94 78 0
46 104 0
154 1 0
133 188 0
2 173 0
174 121 0
45 40 0
18 196 0
180 87 0
32 148 0
129 173 0
179 165 0
55 191 0
104 114 0
102 153 0
47 149 0
31 46 0
5 185 0
47 138 0
125 49 0
64 52 0
123 109 0
92 141 0
105 24 0
180 90 0
125 61 0
63 104 0
26 70 0
47 83 0
184 102 0
36 183 0
51 19 0
29 56 0
157 77 0
146 82 0
78 10 0
134 1 0
119 27 0
94 25 0
3 74 0
67 128 0
135 82 0
184 114 0
152 184 0
197 88 0
86 185 0
23 89 0
4 53 0
145 161 0
82 43 0
44 160 0
54 178 0
114 125 0
157 160 0
102 113 0
35 169 0
193 122 0
51 178 0
36 155 0
114 185 0
195 0 0
170 19 0
89 175 0
72 186 0
88 154 0
29 132 0
66 35 0
63 132 0
161 172 0
93 63 0
37 80 0
33 31 0
154 36 0
161 143 0
144 75 0
128 139 0
75 51 0
158 116 0
178 182 0
102 66 0
136 83 0
151 155 0
119 166 0
39 80 0
90 84 0
143 128 0
116 176 0
111 71 0
165 24 0
166 109 0
99 94 0
48 126 0
97 7 0
42 27 0
189 96 0
46 78 0
179 149 0
185 98 0
67 176 0
178 157 0
61 122 0
37 177 0
50 148 0
0 167 0
172 166 0
76 23 0
13 77 0
149 110 0
36 143 0
90 177 0
191 136 0
7 123 0
85 192 0
21 152 0
121 152 0
61 182 0
26 99 0
111 28 0
199 112 0
196 124 0
30 72 0
147 43 0
101 49 0
106 137 0
144 196 0
115 136 0
132 122 0
59 169 0
67 32 0
73 188 0
184 134 0
122 162 0
191 185 0
97 187 0
109 128 0
11 56 0
171 65 0
105 77 0
2 50 0
25 117 0
138 157 0
40 149 0
78 59 0
133 151 0
47 118 0
86 169 0
32 71 0
2 23 0
56 52 0
162 165 0
180 126 0
22 151 0
191 79 0
181 193 0
81 6 0
63 171 0
116 55 0
120 146 0
114 54 0
98 161 0
124 136 0
82 108 0
7 36 0
84 16 0
88 46 0
181 20 0
124 155 0
124 67 0
187 105 0
13 68 0
63 76 0
192 131 0
83 64 0
78 197 0
118 128 0
110 194 0
64 144 0
103 71 0
180 187 0
87 21 0
185 21 0
41 62 0
128 165 0
129 115 0
22 94 0
136 86 0
170 128 0
169 5 0
192 47 0
2 63 0
127 64 0
9 191 0
160 64 0
15 141 0
51 54 0
162 189 0
75 155 0
3 4 0
121 132 0
71 143 0
27 7 0
181 149 0
135 151 0
155 80 0
150 109 0
95 78 0
126 104 0
21 86 0
169 36 0
179 172 0
43 93 0
161 118 0
49 116 0
74 170 0
49 98 0
65 28 0
105 47 0
129 193 0
198 36 0
73 100 0
98 168 0
178 176 0
24 152 0
14 193 0
188 194 0
166 31 0
87 79 0
102 88 0
196 128 0
10 197 0
26 76 0
177 84 0
75 58 0
77 25 0
47 102 0
125 145 0
22 56 0
73 46 0
8 87 0
192 148 0
33 158 0
132 121 0
189 34 0
161 137 0
114 172 0
86 141 0
0 63 0
25 75 0
74 54 0
100 121 0
156 177 0
18 130 0
33 91 0
176 193 0
178 168 0
142 164 0
78 74 0
85 20 0
60 198 0
157 174 0
122 44 0
67 122 0
59 44 0
197 133 0
98 49 0
27 24 0
136 12 0
115 65 0
158 46 0
185 100 0
10 16 0
126 47 0
36 186 0
197 193 0
112 120 0
189 180 0
42 49 0
176 192 0
134 27 0
193 141 0
185 172 0
117 122 0
139 95 0
31 124 0
195 193 0
140 121 0
192 128 0
59 189 0
122 171 0
61 63 0
103 104 0
64 80 0
48 199 0
59 41 0
92 44 0
14 9 0
118 151 0
194 9 0
46 177 0
134 193 0
122 26 0
66 114 0
107 125 0
56 181 0
48 117 0
44 152 0
173 109 0
184 173 0
60 195 0
15 152 0
39 181 0
161 158 0
84 108 0
167 82 0
85 53 0
27 8 0
32 93 0
74 139 0
170 82 0
120 18 0
152 116 0
122 77 0
25 106 0
51 85 0
101 18 0
189 93 0
3 35 0
11 122 0
69 96 0
128 48 0
56 112 0
141 83 0
51 111 0
165 123 0
81 117 0
191 4 0
195 17 0
62 46 0
54 116 0
16 44 0
9 167 0
147 164 0
154 158 0
86 23 0
6 14 0
71 15 0
126 164 0
98 129 0
27 63 0
4 108 0
133 196 0
64 80 0
165 79 0
126 171 0
195 94 0
15 156 0
61 114 0
72 15 0
24 158 0
190 183 0
125 61 0
198 3 0
177 48 0
85 4 0
111 41 0
64 196 0
189 81 0
76 154 0
160 154 0
78 107 0
48 45 0
15 109 0
160 87 0
124 136 0
197 114 0
119 122 0
127 69 0
78 104 0
117 115 0
60 181 0
156 77 0
129 146 0
158 6 0
52 70 0
160 130 0
177 9 0
176 192 0
70 88 0
31 147 0
24 28 0
61 96 0
103 141 0
165 181 0
197 35 0
48 58 0
168 4 0
135 97 0
102 45 0
103 155 0
115 16 0
37 92 0
177 13 0
36 199 0
53 67 0
146 78 0
47 160 0
126 150 0
101 43 0
83 98 0
78 131 0
108 198 0
136 195 0
96 190 0
192 151 0
145 107 0
119 135 0
151 96 0
100 139 0
96 154 0
158 42 0
184 6 0
154 110 0
156 55 0
153 192 0
106 184 0
123 166 0
182 11 0
114 30 0
2 106 0
182 99 0
14 53 0
34 117 0
150 135 0
57 198 0
41 15 0
192 25 0
21 147 0
87 130 0
2 40 0
122 60 0
176 45 0
27 111 0
9 93 0
141 11 0
199 75 0
110 13 0
81 97 0
83 31 0
32 140 0
181 73 0
107 173 0
50 81 0
120 137 0
11 75 0
129 85 0
87 58 0
82 66 0
169 91 0
159 62 0
102 159 0
90 165 0
124 171 0
62 7 0
154 46 0
99 135 0
119 7 0
108 121 0
88 181 0
58 99 0
8 139 0
136 95 0
197 18 0
162 166 0
110 73 0
181 164 0
32 23 0
129 109 0
194 143 0
116 100 0
189 16 0
35 60 0
175 95 0
181 63 0
28 191 0
114 36 0
131 50 0
84 128 0
68 198 0
47 130 0
71 180 0
95 56 0
3 176 0
165 149 0
120 33 0
49 109 0
49 84 0
122 176 0
131 103 0
39 160 0
47 105 0
148 178 0
155 32 0
58 176 0
182 57 0
58 54 0
37 153 0
62 40 0
82 27 0
189 154 0
60 38 0
15 62 0
74 137 0
38 158 0
193 30 0
70 40 0
135 18 0
170 43 0
3 28 0
171 185 0
86 29 0
191 123 0
135 53 0
116 17 0
32 105 0
171 93 0
96 186 0
107 122 0
76 145 0
80 69 0
175 150 0
109 63 0
121 79 0
106 124 0
59 77 0
61 145 0
58 5 0
21 193 0
10 137 0
162 43 0
194 133 0
88 42 0
72 195 0
165 148 0
140 45 0
169 68 0
148 78 0
83 69 0
109 141 0
193 120 0
170 6 0
18 28 0
11 39 0
128 184 0
65 74 0
70 153 0
117 94 0
100 82 0
194 192 0
79 163 0
12 27 0
193 95 0
96 54 0
36 41 0
174 6 0
48 192 0
187 59 0
183 9 0
33 111 0
145 50 0
186 167 0
155 55 0
61 55 0
137 55 0
48 16 0
170 60 0
44 163 0
156 92 0
17 144 0
134 144 0
103 182 0
136 90 0
193 72 0
51 179 0
183 196 0
29 121 0
116 137 0
176 129 0
192 65 0
137 40 0
34 107 0
53 30 0
23 161 0
122 192 0
105 56 0
136 8 0
190 25 0
50 136 0
97 101 0
67 32 0
50 48 0
106 166 0
185 34 0
95 178 0
100 32 0
170 134 0
92 23 0
164 115 0
184 38 0
107 42 0
47 196 0
2 189 0
21 53 0
77 118 0
154 144 0
150 156 0
193 56 0
122 130 0
91 170 0
60 143 0
154 31 0
29 198 0
6 145 0
113 143 0
183 173 0
185 30 0
169 187 0
20 190 0
192 49 0
60 147 0
194 10 0
55 139 0
19 130 0
69 62 0
100 130 0
157 6 0
113 186 0
5 119 0
131 70 0
62 66 0
43 199 0
97 12 0
187 69 0
154 179 0
118 14 0
78 64 0
25 86 0
3 196 0
16 25 0
10 68 0
107 167 0
74 20 0
105 31 0
91 36 0
102 106 0
54 97 0
105 103 0
110 44 0
172 64 0
176 43 0
79 6 0
107 56 0
92 63 0
4 108 0
40 14 0
128 147 0
133 155 0
119 38 0
186 10 0
26 40 0
68 80 0
138 174 0
184 0 0
170 108 0
16 98 0
103 47 0
105 11 0
103 149 0
26 59 0
10 66 0
25 138 0
165 158 0
93 84 0
148 32 0
46 174 0
24 115 0
7 162 0
41 143 0
114 163 0
3 131 0
62 107 0
178 119 0
70 34 0
20 96 0
93 30 0
114 71 0
121 79 0
29 166 0
115 178 0
150 161 0
104 175 0
76 63 0
89 69 0
6 4 0
33 10 0
87 47 0
117 17 0
166 139 0
51 138 0
35 97 0
169 101 0
168 42 0
180 149 0
160 95 0
79 111 0
8 184 0
38 37 0
199 127 0
106 158 0
83 91 0
168 170 0
90 37 0
188 56 0
176 191 0
147 163 0
88 68 0
64 8 0
110 196 0
158 22 0
43 189 0
133 3 0
173 171 0
40 125 0
51 99 0
83 134 0
142 3 0
105 33 0
192 45 0
41 120 0
36 188 0
83 77 0
56 99 0
85 118 0
47 195 0
141 90 0
185 74 0
93 110 0
198 86 0
35 1 0
185 118 0
135 127 0
121 192 0
112 113 0
189 154 0
33 26 0
142 68 0
103 199 0
119 140 0
117 166 0
88 10 0
56 73 0
85 102 0
135 35 0
188 171 0
188 125 0
41 75 0
4 115 0
68 117 0
180 9 0
71 166 0
35 165 0
186 90 0
164 106 0
31 34 0
72 71 0
44 81 0
144 81 0
183 31 0
68 123 0
2 8 0
0 196 0
84 4 0
63 104 0
121 43 0
113 144 0
9 101 0
110 196 0
191 26 0
102 174 0
12 126 0
45 9 0
7 141 0
42 142 0
173 63 0
17 127 0
71 17 0
123 155 0
22 186 0
59 95 0
182 173 0
192 191 0
74 102 0
139 17 0
80 193 0
192 45 0
72 189 0
54 31 0
131 48 0
174 104 0
111 143 0
31 183 0
161 107 0
138 135 0
45 150 0
30 27 0
75 174 0
171 101 0
28 62 0
118 109 0
8 62 0
106 80 0
52 160 0
111 183 0
8 37 0
39 72 0
181 22 0
55 142 0
129 145 0
29 127 0
47 59 0
106 122 0
186 29 0
23 14 0
92 94 0
123 52 0
156 29 0
132 8 0
141 195 0
143 102 0
33 182 0
174 14 0
5 181 0
108 86 0
78 137 0
13 126 0
148 120 0
0 134 0
149 176 0
149 193 0
70 24 0
45 26 0
6 129 0
35 99 0
125 178 0
1 158 0
113 127 0
124 118 0
60 184 0
4 91 0
73 18 0
169 173 0
90 169 0
60 191 0
145 9 0
137 15 0
185 182 0
194 191 0
112 181 0
43 189 0
111 44 0
99 24 0
124 175 0
142 184 0
159 147 0
27 184 0
117 196 0
157 159 0
166 17 0
150 63 0
178 87 0
31 116 0
22 25 0
59 86 0
6 102 0
75 117 0
147 174 0
142 23 0
149 36 0
159 60 0
135 187 0
44 52 0
183 153 0
163 101 0
171 66 0
165 101 0
105 196 0
17 127 0
173 77 0
165 179 0
179 40 0
48 78 0
166 142 0
101 67 0
179 61 0
127 114 0
48 123 0
119 183 0
29 82 0
85 0 0
148 50 0
53 54 0
198 71 0
133 171 0
100 99 0
150 79 0
91 150 0
158 58 0
93 11 0
125 72 0
72 5 0
186 72 0
80 105 0
56 109 0
188 141 0
61 88 0
143 67 0
142 141 0
138 28 0
112 38 0
127 14 0
69 18 0
164 179 0
76 57 0
191 154 0
81 15 0
111 68 0
88 143 0
125 96 0
5 65 0
189 18 0
154 132 0
85 48 0
25 23 0
76 89 0
13 155 0
55 83 0
174 19 0
62 2 0
29 53 0
108 110 0
21 171 0
130 109 0
115 56 0
157 72 0
73 146 0
90 27 0
30 176 0
28 7 0
199 56 0
96 165 0
12 151 0
0 138 0
122 62 0
92 103 0
68 1 0
14 89 0
124 96 0
150 191 0
104 59 0
63 178 0
157 154 0
157 187 0
82 185 0
146 33 0
198 6 0
97 198 0
96 19 0
13 188 0
123 33 0
141 89 0
74 66 0
185 24 0
9 90 0
35 73 0
20 192 0
179 177 0
131 61 0
115 77 0
94 109 0
71 45 0
67 168 0
43 163 0
139 8 0
103 14 0
41 197 0
55 115 0
15 41 0
91 24 0
83 126 0
49 55 0
118 28 0
32 49 0
41 147 0
78 88 0
8 101 0
133 75 0
21 128 0
190 161 0
137 46 0
127 178 0
43 183 0
46 58 0
176 137 0
34 11 0
64 84 0
66 134 0
64 98 0
184 58 0
198 14 0
146 6 0
116 31 0
34 137 0
159 24 0
50 96 0
22 130 0
27 65 0
113 73 0
75 89 0
10 62 0
100 26 0
98 166 0
161 162 0
16 97 0
172 14 0
111 70 0
21 179 0
101 55 0
69 61 0
31 119 0
109 54 0
49 88 0
71 114 0
161 147 0
3 124 0
9 55 0
150 107 0
173 63 0
21 190 0
112 146 0
4 176 0
16 177 0
155 118 0
32 24 0
131 16 0
96 192 0
70 97 0
81 141 0
12 194 0
40 167 0
118 1 0
175 21 0
60 148 0
36 82 0
138 149 0
180 143 0
125 196 0
120 32 0
66 105 0
9 149 0
121 57 0
142 143 0
154 175 0
36 118 0
169 29 0
38 40 0
30 13 0
13 91 0
161 49 0
125 100 0
150 105 0
195 27 0
53 67 0
12 120 0
124 21 0
69 197 0
78 163 0
140 184 0
138 129 0
55 60 0
158 93 0
100 140 0
58 65 0
31 19 0
66 108 0
71 169 0
165 18 0
196 19 0
38 160 0
139 162 0
133 160 0
160 11 0
124 52 0
148 62 0
181 3 0
74 139 0
48 126 0
80 106 0
191 63 0
77 58 0
124 101 0
179 89 0
71 127 0
108 109 0
88 47 0
72 21 0
8 32 0
185 84 0
84 133 0
146 18 0
88 173 0
109 88 0
99 141 0
146 91 0
5 175 0
101 81 0
28 80 0
170 100 0
7 79 0
161 47 0
78 33 0
69 38 0
17 54 0
122 54 0
139 21 0
24 179 0
194 133 0
19 45 0
75 165 0
136 32 0
92 189 0
113 121 0
21 83 0
173 181 0
114 134 0
28 145 0
168 97 0
135 137 0
103 58 0
143 194 0
31 167 0
125 177 0
101 144 0
22 176 0
61 111 0
160 106 0
52 73 0
27 74 0
108 0 0
55 175 0
134 83 0
120 54 0
133 55 0
144 188 0
65 87 0
135 48 0
7 60 0
177 108 0
157 152 0
36 170 0
63 196 0
76 115 0
21 55 0
141 81 0
55 196 0
56 142 0
32 176 0
148 117 0
184 92 0
57 1 0
180 192 0
50 139 0
5 179 0
47 114 0
131 35 0
36 146 0
183 113 0
62 4 0
120 155 0
37 128 0
152 94 0
70 136 0
22 18 0
5 158 0
111 62 0
160 43 0
55 162 0
182 12 0
141 181 0
126 73 0
16 114 0
19 199 0
179 33 0
155 100 0
189 192 0
28 93 0
38 98 0
181 61 0
68 186 0
19 131 0
48 179 0
126 55 0
93 108 0
19 35 0
41 97 0
60 9 0
12 31 0
160 191 0
17 115 0
43 6 0
60 71 0
51 98 0
121 184 0
111 190 0
170 131 0
73 170 0
62 0 0
178 108 0
60 197 0
143 102 0
95 155 0
111 107 0
186 72 0
50 3 0
139 94 0
161 151 0
165 164 0
2 39 0
148 113 0
181 70 0
196 54 0
193 11 0
54 171 0
119 115 0
120 14 0
169 15 0
121 32 0
74 59 0
56 125 0
63 148 0
171 176 0
99 136 0
93 53 0
127 193 0
119 108 0
16 67 0
115 9 0
78 169 0
132 149 0
36 52 0
115 157 0
68 188 0
190 94 0
48 46 0
19 63 0
194 190 0
191 46 0
79 84 0
51 158 0
30 170 0
67 46 0
38 182 0
7 68 0
103 139 0
170 140 0
143 37 0
49 11 0
26 39 0
58 74 0
38 77 0
137 32 0
20 128 0
30 51 0
165 82 0
9 195 0
52 28 0
193 42 0
162 0 0
111 66 0
91 33 0
158 34 0
70 7 0
198 96 0
47 56 0
170 85 0
85 59 0
69 105 0
140 52 0
108 57 0
134 118 0
52 138 0
98 45 0
133 61 0
197 44 0
127 88 0
77 37 0
122 147 0
44 120 0
196 43 0
176 118 0
80 62 0
130 102 0
119 70 0
154 28 0
127 40 0
98 131 0
130 148 0
128 63 0
9 77 0
59 88 0
165 88 0
125 39 0
188 122 0
112 184 0
117 88 0
102 150 0
102 32 0
52 174 0
54 158 0
154 133 0
150 4 0
16 32 0
152 144 0
96 162 0
21 155 0
50 138 0
196 128 0
178 184 0
50 42 0
168 119 0
82 22 0
69 185 0
7 73 0
111 13 0
183 65 0
147 133 0
21 163 0
166 173 0
60 14 0
135 33 0
121 138 0
124 117 0
66 54 0
101 68 0
96 21 0
139 178 0
196 9 0
115 3 0
34 26 0
16 18 0
43 115 0
103 64 0
31 21 0
38 91 0
35 125 0
76 109 0
15 0 0
26 81 0
54 80 0
101 102 0
53 193 0
81 49 0
2 196 0
4 188 0
175 173 0
6 170 0
88 62 0
35 119 0
83 25 0
162 71 0
150 39 0
180 118 0
191 158 0
199 198 0
190 53 0
100 44 0
46 181 0
45 0 0
130 50 0
140 105 0
23 99 0
75 111 0
161 62 0
183 196 0
87 97 0
67 190 0
88 199 0
108 80 0
110 59 0
78 100 0
64 130 0
96 62 0
112 142 0
14 194 0
192 155 0
99 167 0
54 126 0
78 15 0
189 13 0
163 28 0
111 31 0
170 199 0
182 30 0
31 92 0
42 109 0
145 106 0
192 41 0
121 56 0
50 127 0
42 101 0
94 96 0
27 125 0
63 168 0
90 27 0
149 1 0
10 71 0
1 144 0
102 32 0
37 144 0
94 134 0
2 38 0
127 123 0
94 63 0
11 144 0
190 53 0
45 37 0
102 24 0
114 165 0
193 4 0
192 94 0
6 154 0
165 159 0
99 67 0
143 88 0
163 189 0
22 166 0
27 149 0
41 121 0
12 4 0
65 155 0
58 62 0
144 160 0
87 58 0
77 80 0
62 22 0
126 20 0
176 91 0
131 75 0
111 75 0
115 74 0
16 137 0
192 44 0
39 186 0
117 3 0
190 135 0
158 0 0
197 54 0
112 84 0
112 190 0
116 127 0
12 42 0
147 140 0
86 79 0
168 197 0
106 83 0
23 122 0
173 168 0
118 12 0
154 36 0
167 96 0
123 78 0
97 120 0
132 161 0
5 45 0
151 73 0
124 115 0
116 71 0
56 154 0
102 176 0
151 160 0
59 126 0
83 184 0
94 153 0
148 0 0
141 116 0
97 64 0
194 146 0
185 126 0
107 142 0
123 11 0
15 47 0
126 83 0
71 134 0
37 125 0
110 140 0
86 122 0
67 121 0
106 161 0
74 55 0
162 168 0
171 11 0
32 165 0
157 169 0
43 64 0
111 167 0
27 79 0
166 154 0
162 189 0
40 0 0
115 151 0
92 1 0
73 159 0
122 131 0
121 148 0
186 35 0
68 157 0
46 53 0
74 155 0
22 118 0
171 86 0
37 199 0
117 155 0
105 79 0
31 60 0
48 124 0
13 121 0
35 87 0
53 108 0
187 191 0
143 56 0
149 141 0
109 175 0
48 83 0
45 20 0
169 34 0
19 38 0
190 124 0
118 87 0
21 101 0
99 70 0
177 112 0
143 13 0
199 196 0
121 138 0
140 17 0
194 41 0
110 55 0
16 159 0
139 62 0
179 60 0
48 150 0
99 190 0
26 169 0
77 47 0
22 176 0
117 152 0
40 61 0
165 191 0
9 38 0
130 149 0
7 76 0
190 70 0
132 159 0
29 71 0
173 160 0
83 21 0
62 182 0
12 88 0
103 89 0
87 126 0
18 5 0
30 58 0
18 195 0
2 27 0
185 132 0
129 145 0
8 71 0
15 140 0
30 196 0
163 3 0
108 47 0
177 170 0
181 189 0
10 37 0
30 97 0
115 0 0
54 145 0
11 72 0
92 13 0
100 29 0
145 181 0
174 105 0
52 141 0
198 83 0
137 161 0
38 45 0
160 15 0
167 94 0
156 177 0
131 139 0
27 46 0
139 81 0
143 150 0
106 35 0
163 6 0
64 60 0
139 191 0
166 191 0
132 164 0
26 22 0
77 17 0
19 190 0
32 139 0
84 141 0
68 167 0
80 95 0
165 19 0
129 108 0
122 35 0
143 37 0
193 159 0
98 132 0
102 16 0
75 35 0
132 102 0
119 28 0
151 103 0
167 35 0
44 36 0
2 76 0
83 119 0
48 12 0
27 170 0
47 122 0
7 40 0
34 57 0
124 136 0
73 0 0
123 157 0
54 132 0
119 173 0
113 70 0
28 32 0
58 25 0
68 12 0
101 104 0
132 149 0
116 159 0
71 116 0
82 79 0
108 68 0
88 33 0
4 114 0
185 128 0
71 39 0
12 190 0
164 125 0
61 192 0
110 71 0
17 130 0
83 71 0
34 15 0
172 103 0
175 44 0
19 9 0
75 79 0
77 163 0
112 33 0
77 49 0
113 149 0
88 126 0
91 52 0
3 104 0
197 113 0
175 166 0
44 59 0
189 78 0
74 162 0
181 1 0
6 152 0
162 81 0
32 191 0
44 96 0
25 122 0
98 138 0
23 186 0
16 114 0
191 20 0
19 140 0
85 146 0
106 129 0
5 96 0
160 32 0
10 93 0
185 16 0
198 148 0
49 182 0
91 93 0
30 116 0
167 128 0
7 142 0
115 175 0
9 58 0
147 28 0
198 33 0
126 56 0
114 132 0
104 26 0
116 114 0
72 101 0
82 70 0
49 131 0
52 141 0
177 82 0
9 96 0
11 168 0
39 78 0
144 48 0
88 43 0
28 86 0
28 154 0
94 143 0
38 199 0
121 154 0
65 193 0
56 148 0
63 105 0
31 115 0
198 8 0
150 160 0
105 113 0
80 96 0
143 176 0
144 31 0
20 124 0
69 48 0
78 163 0
143 117 0
114 65 0
71 132 0
58 127 0
32 122 0
185 15 0
189 135 0
24 91 0
47 81 0
4 128 0
129 99 0
104 25 0
130 76 0
149 151 0
125 179 0
67 20 0
96 133 0
85 120 0
65 144 0
199 49 0
18 136 0
65 159 0
24 41 0
51 71 0
74 7 0
199 3 0
107 56 0
28 37 0
132 177 0
189 9 0
108 56 0
30 5 0
189 67 0
77 7 0
163 28 0
56 181 0
165 73 0
141 189 0
114 192 0
60 188 0
199 12 0
191 58 0
20 171 0
96 104 0
100 37 0
114 9 0
45 96 0
166 186 0
115 43 0
145 79 0
71 2 0
12 188 0
27 153 0
177 142 0
97 190 0
82 49 0
2 26 0
107 174 0
197 155 0
78 98 0
59 189 0
40 25 0
128 108 0
20 73 0
187 91 0
27 199 0
32 55 0
105 9 0
149 2 0
151 31 0
3 105 0
57 63 0
79 7 0
18 158 0
57 115 0
102 116 0
104 95 0
141 184 0
3 161 0
58 142 0
4 85 0
93 36 0
92 198 0
198 41 0
153 149 0
73 156 0
55 82 0
19 86 0
89 190 0
44 146 0
105 99 0
62 161 0
194 155 0
146 149 0
116 156 0
91 73 0
41 184 0
61 86 0
135 59 0
127 88 0
161 0 0
196 168 0
83 168 0
54 124 0
110 51 0
71 15 0
150 133 0
128 144 0
41 26 0
45 109 0
182 136 0
182 176 0
72 196 0
62 7 0
7 189 0
47 168 0
142 44 0
88 25 0
12 143 0
149 122 0
194 172 0
89 144 0
58 169 0
40 99 0
196 85 0
8 178 0
173 143 0
154 197 0
139 16 0
5 146 0
6 52 0
67 148 0
48 155 0
125 12 0
98 26 0
86 44 0
199 175 0
140 9 0
145 180 0
108 93 0
17 116 0
71 142 0
11 26 0
140 150 0
194 97 0
49 152 0
149 116 0
52 150 0
71 129 0
162 122 0
156 49 0
166 107 0
176 107 0
116 73 0
39 24 0
166 9 0
92 38 0
151 56 0
16 91 0
6 162 0
188 7 0
115 90 0
123 167 0
192 195 0
49 154 0
69 5 0
155 35 0
64 132 0
94 180 0
157 134 0
156 124 0
95 0 0
114 46 0
8 130 0
90 167 0
92 78 0
174 159 0
120 98 0
79 112 0
45 128 0
19 114 0
85 174 0
101 149 0
58 196 0
81 16 0
82 37 0
140 177 0
189 54 0
175 198 0
136 65 0
165 28 0
96 139 0
140 16 0
189 19 0
81 186 0
147 100 0
100 32 0
26 154 0
181 85 0
150 14 0
101 184 0
3 193 0
113 192 0
47 88 0
142 135 0
154 59 0
163 2 0
151 55 0
18 140 0
74 51 0
79 173 0
151 179 0
5 178 0
85 138 0
15 187 0
104 116 0
171 107 0
109 36 0
100 108 0
125 194 0
43 31 0
54 158 0
33 5 0
14 3 0
97 40 0
55 176 0
14 158 0
108 171 0
88 193 0
62 103 0
133 166 0
171 56 0
74 80 0
93 126 0
140 170 0
120 183 0
1 126 0
94 186 0
131 108 0
141 181 0
100 148 0
109 114 0
107 17 0
38 195 0
163 52 0
51 96 0
18 22 0
152 44 0
55 197 0
170 195 0
167 43 0
131 120 0
169 25 0
106 53 0
85 0 0
34 185 0
148 143 0
52 55 0
113 42 0
3 76 0
94 6 0
124 64 0
109 83 0
26 31 0
31 145 0
74 162 0
66 196 0
139 124 0
49 24 0
124 35 0
161 73 0
178 13 0
80 43 0
7 35 0
71 101 0
41 195 0
118 70 0
176 27 0
105 154 0
10 136 0
99 37 0
50 165 0
33 189 0
42 34 0
165 166 0
69 127 0
191 199 0
92 72 0
195 100 0
59 66 0
153 101 0
62 71 0
123 190 0
50 180 0
144 61 0
69 43 0
98 119 0
161 83 0
61 3 0
69 26 0
169 90 0
153 113 0
41 46 0
185 36 0
98 196 0
103 51 0
97 117 0
123 20 0
107 173 0
153 51 0
186 22 0
46 36 0
141 7 0
119 2 0
10 140 0
181 132 0
30 134 0
45 72 0
132 182 0
108 30 0
178 11 0
82 76 0
128 157 0
48 35 0
82 1 0
38 69 0
23 85 0
105 117 0
92 177 0
71 55 0
117 52 0
187 148 0
139 32 0
20 71 0
166 128 0
54 144 0
92 136 0
172 20 0
45 173 0
8 127 0
126 198 0
196 102 0
83 102 0
19 128 0
79 42 0
183 148 0
47 122 0
96 186 0
106 116 0
9 72 0
197 63 0
168 89 0
151 93 0
61 196 0
66 21 0
124 192 0
20 72 0
94 55 0
126 65 0
135 157 0
108 118 0
106 155 0
192 2 0
93 98 0
71 102 0
122 20 0
118 91 0
61 69 0
184 122 0
66 2 0
96 142 0
194 68 0
166 41 0
123 93 0
106 59 0
2 166 0
129 108 0
73 122 0
63 166 0
172 86 0
21 95 0
106 139 0
138 167 0
8 122 0
41 26 0
76 137 0
120 70 0
5 87 0
63 81 0
132 170 0
92 134 0
88 21 0
43 162 0
95 58 0
80 20 0
144 101 0
67 50 0
192 5 0
169 153 0
79 10 0
179 155 0
148 52 0
25 153 0
139 41 0
34 71 0
163 78 0
5 51 0
100 0 0
165 147 0
10 46 0
119 154 0
99 186 0
156 44 0
191 125 0
197 70 0
136 128 0
25 36 0
180 3 0
189 119 0
44 176 0
142 159 0
54 100 0
10 106 0
52 128 0
6 63 0
126 125 0
169 177 0
112 78 0
21 55 0
155 170 0
126 91 0
99 103 0
127 79 0
106 69 0
151 102 0
197 45 0
61 3 0
97 24 0
62 150 0
152 68 0
165 78 0
145 86 0
55 9 0
164 29 0
65 120 0
199 191 0
163 50 0
94 43 0
82 153 0
64 33 0
7 13 0
30 21 0
16 128 0
197 30 0
30 149 0
50 195 0
179 196 0
33 186 0
5 198 0
15 70 0
70 167 0
13 33 0
17 60 0
28 99 0
165 92 0
84 124 0
105 115 0
145 74 0
195 142 0
104 25 0
43 155 0
172 174 0
103 5 0
161 60 0
155 128 0
131 177 0
95 96 0
11 113 0
108 191 0
164 73 0
36 49 0
198 141 0
116 95 0
167 111 0
38 24 0
88 33 0
131 12 0
8 34 0
169 121 0
94 125 0
49 177 0
102 145 0
26 65 0
10 134 0
9 174 0
8 45 0
23 158 0
138 139 0
53 106 0
2 43 0
82 42 0
77 13 0
54 37 0
47 176 0
158 93 0
53 7 0
23 107 0
104 49 0
173 114 0
183 134 0
89 143 0
179 64 0
101 117 0
156 107 0
175 110 0
150 57 0
153 179 0
70 159 0
16 69 0
135 126 0
115 188 0
134 138 0
96 190 0
139 21 0
105 122 0
155 146 0
18 134 0
162 71 0
51 118 0
178 179 0
29 81 0
36 134 0
60 107 0
93 29 0
128 29 0
155 43 0
169 41 0
133 65 0
32 72 0
38 89 0
147 193 0
187 165 0
127 149 0
188 131 0
68 167 0
62 49 0
48 98 0
183 60 0
157 28 0
41 86 0
9 197 0
81 179 0
190 15 0
196 174 0
87 35 0
15 34 0
28 2 0
151 108 0
152 140 0
191 20 0
107 53 0
21 107 0
103 156 0
119 61 0
184 161 0
99 194 0
110 180 0
125 52 0
195 121 0
27 83 0
108 194 0
69 89 0
197 21 0
161 92 0
121 20 0
145 142 0
79 0 0
50 198 0
61 34 0
159 160 0
180 21 0
93 105 0
74 88 0
179 53 0
123 39 0
47 193 0
128 44 0
14 77 0
145 127 0
169 18 0
99 66 0
112 178 0
67 162 0
176 80 0
197 88 0
193 129 0
61 86 0
35 135 0
126 166 0
140 50 0
5 188 0
195 134 0
184 161 0
163 82 0
88 85 0
100 187 0
151 13 0
117 170 0
127 93 0
51 76 0
133 196 0
6 195 0
34 193 0
82 160 0
159 23 0
162 116 0
163 157 0
2 147 0
181 158 0
3 82 0
97 154 0
47 14 0
77 174 0
60 80 0
51 145 0
76 9 0
140 110 0
2 175 0
22 113 0
198 185 0
181 161 0
142 184 0
60 13 0
54 42 0
123 57 0
76 21 0
163 75 0
187 40 0
49 47 0
120 52 0
193 196 0
13 85 0
58 15 0
60 33 0
80 10 0
18 62 0
123 112 0
198 184 0
77 52 0
178 1 0
61 6 0
22 24 0
81 161 0
65 82 0
9 185 0
135 154 0
134 100 0
191 144 0
116 4 0
177 148 0
14 147 0
162 90 0
60 112 0
26 137 0
164 4 0
90 25 0
10 64 0
2 43 0
26 67 0
125 187 0
52 12 0
141 138 0
113 132 0
83 181 0
88 12 0
129 103 0
160 92 0
193 172 0
4 19 0
61 121 0
175 152 0
98 137 0
16 100 0
180 42 0
119 105 0
29 124 0
118 122 0
62 183 0
7 97 0
164 95 0
110 93 0
150 22 0
137 95 0
194 94 0
114 55 0
167 41 0
159 65 0
130 176 0
118 110 0
170 189 0
168 152 0
113 38 0
26 176 0
21 33 0
25 185 0
81 135 0
30 31 0
109 168 0
127 103 0
62 193 0
111 29 0
187 70 0
46 117 0
198 116 0
28 121 0
106 148 0
25 171 0
138 51 0
147 159 0
37 173 0
96 118 0
60 126 0
101 170 0
94 28 0
25 108 0
174 136 0
89 161 0
159 88 0
78 157 0
156 58 0
30 14 0
158 55 0
186 96 0
59 85 0
55 96 0
10 103 0
166 23 0
30 67 0
193 76 0
48 170 0
137 22 0
107 26 0
135 18 0
66 165 0
175 23 0
24 158 0
189 134 0
13 175 0
31 72 0
13 38 0
120 23 0
142 86 0
46 172 0
106 191 0
0 154 0
114 137 0
176 21 0
164 111 0
39 182 0
28 166 0
157 52 0
76 147 0
139 42 0
74 170 0
66 87 0
8 187 0
63 102 0
25 61 0
26 131 0
5 27 0
85 119 0
164 13 0
92 80 0
76 83 0
63 105 0
1 20 0
109 78 0
167 48 0
120 42 0
18 186 0
81 179 0
125 96 0
81 151 0
110 108 0
82 115 0
135 120 0
34 51 0
133 78 0
132 10 0
161 195 0
115 162 0
15 24 0
192 135 0
73 112 0
129 43 0
51 162 0
22 176 0
59 56 0
127 169 0
116 162 0
84 3 0
82 70 0
54 15 0
100 186 0
177 61 0
133 92 0
175 149 0
69 168 0
36 94 0
32 165 0
137 83 0
127 112 0
60 138 0
120 139 0
107 36 0
101 143 0
39 135 0
165 45 0
103 65 0
184 80 0
78 117 0
125 54 0
18 194 0
22 6 0
88 54 0
171 177 0
90 51 0
89 150 0
189 9 0
41 97 0
45 95 0
192 36 0
30 158 0
34 133 0
175 18 0
166 54 0
87 91 0
108 58 0
37 82 0
64 125 0
88 36 0
102 178 0
39 144 0
80 28 0
153 122 0
77 151 0
17 70 0
139 199 0
180 173 0
85 155 0
143 51 0
161 183 0
94 69 0
41 131 0
103 105 0
8 144 0
93 62 0
122 84 0
6 155 0
113 112 0
77 190 0
63 46 0
12 154 0
197 192 0
128 82 0
100 23 0
85 61 0
6 131 0
83 199 0
14 186 0
57 22 0
130 150 0
85 5 0
35 43 0
160 100 0
155 189 0
42 170 0
35 55 0
125 184 0
47 5 0
67 99 0
28 104 0
161 187 0
36 44 0
186 50 0
182 43 0
25 113 0
146 62 0
70 133 0
57 30 0
33 13 0
171 75 0
135 158 0
82 60 0
142 82 0
17 161 0
181 198 0
66 142 0
185 54 0
186 123 0
56 169 0
167 81 0
34 65 0
95 56 0
198 153 0
86 183 0
118 9 0
10 53 0
167 93 0
66 109 0
175 83 0
71 156 0
33 89 0
51 18 0
143 189 0
94 199 0
110 13 0
33 96 0
78 80 0
152 28 0
33 38 0
163 151 0
199 173 0
157 166 0
66 23 0
76 193 0
58 99 0
102 92 0
188 153 0
62 83 0
94 156 0
34 5 0
169 19 0
101 199 0
100 54 0
27 133 0
44 190 0
37 44 0
116 194 0
10 134 0
17 38 0
128 27 0
89 182 0
119 29 0
87 134 0
112 181 0
90 99 0
186 12 0
118 40 0
163 18 0
46 143 0
104 90 0
133 141 0
86 1 0
135 49 0
136 104 0
87 16 0
131 129 0
150 3 0
158 37 0
137 71 0
18 179 0
170 157 0
143 40 0
149 107 0
11 195 0
50 115 0
85 135 0
8 124 0
137 143 0
173 25 0
199 12 0
193 130 0
141 143 0
85 100 0
180 22 0
171 150 0
154 93 0
59 97 0
85 8 0
4 96 0
3 54 0
163 41 0
190 171 0
165 79 0
114 138 0
104 65 0
150 49 0
196 92 0
192 33 0
144 124 0
56 67 0
74 10 0
160 86 0
59 197 0
94 64 0
94 50 0
70 57 0
91 60 0
181 8 0
91 95 0
98 147 0
113 0 0
196 61 0
44 188 0
94 188 0
112 150 0
55 139 0
112 167 0
25 172 0
165 71 0
188 11 0
73 58 0
20 164 0
71 1 0
124 162 0
49 22 0
110 162 0
175 106 0
23 19 0
47 117 0
8 111 0
20 15 0
50 84 0
183 27 0
56 100 0
51 196 0
63 124 0
55 83 0
41 126 0
85 165 0
40 134 0
140 150 0
48 67 0
9 71 0
86 56 0
140 46 0
167 112 0
62 170 0
149 5 0
49 0 0
2 112 0
125 57 0
195 118 0
135 32 0
35 175 0
118 175 0
78 166 0
42 87 0
189 81 0
95 82 0
127 62 0
194 141 0
184 191 0
90 134 0
149 139 0
134 151 0
51 11 0
160 199 0
129 95 0
31 165 0
22 150 0
92 100 0
68 87 0
187 58 0
168 82 0
92 47 0
97 86 0
141 33 0
30 31 0
167 179 0
171 54 0
130 174 0
17 42 0
173 147 0
137 5 0
64 159 0
107 108 0
12 175 0
195 151 0
185 115 0
186 77 0
115 83 0
116 56 0
68 146 0
87 36 0
77 10 0
42 159 0
185 59 0
1 158 0
158 90 0
115 22 0
1 22 0
131 13 0
150 78 0
165 135 0
146 151 0
165 61 0
186 33 0
69 54 0
131 108 0
42 8 0
119 84 0
167 104 0
144 168 0
14 102 0
10 130 0
77 11 0
152 160 0
25 102 0
38 142 0
190 136 0
93 155 0
149 31 0
140 18 0
85 71 0
79 80 0
79 198 0
164 198 0
54 60 0
118 68 0
163 128 0
150 40 0
139 103 0
0 164 0
157 190 0
106 147 0
79 151 0
54 28 0
182 194 0
199 20 0
65 30 0
100 144 0
28 64 0
94 34 0
125 12 0
54 40 0
140 5 0
32 80 0
108 184 0
196 17 0
126 55 0
165 5 0
6 171 0
186 141 0
166 137 0
161 31 0
167 13 0
128 147 0
29 22 0
181 106 0
146 127 0
40 178 0
7 100 0
114 4 0
70 41 0
11 35 0
46 169 0
6 184 0
110 124 0
121 23 0
108 88 0
188 36 0
35 18 0
10 168 0
124 197 0
156 23 0
125 148 0
1 84 0
49 116 0
40 119 0
109 51 0
106 107 0
21 64 0
92 83 0
189 13 0
107 97 0
54 95 0
85 41 0
65 47 0
162 190 0
197 118 0
13 74 0
66 166 0
158 67 0
34 151 0
138 143 0
2 44 0
51 175 0
61 95 0
59 2 0
60 118 0
99 66 0
165 136 0
108 31 0
135 70 0
21 84 0
188 186 0
158 6 0
104 69 0
74 139 0
20 12 0
34 22 0
57 37 0
150 70 0
132 9 0
72 193 0
127 123 0
59 92 0
11 119 0
123 146 0
141 96 0
183 81 0
34 141 0
88 139 0
30 182 0
174 64 0
157 183 0
102 107 0
53 34 0
116 77 0
179 195 0
0 39 0
87 11 0
110 163 0
110 52 0
11 93 0
133 46 0
186 173 0
137 149 0
135 167 0
83 62 0
31 40 0
197 85 0
99 51 0
120 15 0
80 51 0
162 81 0
42 50 0
44 153 0
165 154 0
157 176 0
199 42 0
174 186 0
16 111 0
87 103 0
30 170 0
165 62 0
147 62 0
166 19 0
30 46 0
71 192 0
79 113 0
194 124 0
18 159 0
30 175 0
88 30 0
18 14 0
168 186 0
78 55 0
89 108 0
177 7 0
122 140 0
170 22 0
3 88 0
41 33 0
86 64 0
25 166 0
130 172 0
90 148 0
131 120 0
76 171 0
102 46 0
186 70 0
32 64 0
77 73 0
124 7 0
80 47 0
147 2 0
69 102 0
90 62 0
87 177 0
79 65 0
143 9 0
37 185 0
109 120 0
57 137 0
92 160 0
183 78 0
182 167 0
94 12 0
41 170 0
19 121 0
17 118 0
124 38 0
173 14 0
53 60 0
143 132 0
125 38 0
93 114 0
23 154 0
35 33 0
44 127 0
193 27 0
157 127 0
147 3 0
139 188 0
173 110 0
61 143 0
29 185 0
133 2 0
152 186 0
14 47 0
70 92 0
86 115 0
6 61 0
22 41 0
46 66 0
120 39 0
45 77 0
119 192 0
80 58 0
132 6 0
169 194 0
149 150 0
131 82 0
152 35 0
21 118 0
83 43 0
10 121 0
159 17 0
134 133 0
58 181 0
199 131 0
172 196 0
8 91 0
141 41 0
102 73 0
199 71 0
19 148 0
173 103 0
182 77 0
138 155 0
195 173 0
199 6 0
94 110 0
23 181 0
195 33 0
162 146 0
164 134 0
142 125 0
178 83 0
118 80 0
109 117 0
103 80 0
17 76 0
183 151 0
153 74 0
107 100 0
47 58 0
106 94 0
120 81 0
75 115 0
115 189 0
61 31 0
75 3 0
108 53 0
39 26 0
133 100 0
95 188 0
180 112 0
16 116 0
16 169 0
190 123 0
22 189 0
133 128 0
83 53 0
10 110 0
168 77 0
99 181 0
60 175 0
136 169 0
180 175 0
147 66 0
27 195 0
54 160 0
59 71 0
76 75 0
192 18 0
150 14 0
7 83 0
95 43 0
136 105 0
105 56 0
134 5 0
37 194 0
132 174 0
115 64 0
101 63 0
130 129 0
58 137 0
41 69 0
8 117 0
145 152 0
135 95 0
167 94 0
179 14 0
137 67 0
71 43 0
76 5 0
0 65 0
151 84 0
191 67 0
148 93 0
82 31 0
174 92 0
168 15 0
161 128 0
84 106 0
80 19 0
154 199 0
65 85 0
13 3 0
152 84 0
198 180 0
41 150 0
46 193 0
34 37 0
60 134 0
82 94 0
117 56 0
186 85 0
23 147 0
13 107 0
6 46 0
78 160 0
45 144 0
197 11 0
99 149 0
47 49 0
82 89 0
199 128 0
82 33 0
165 94 0
119 48 0
140 37 0
56 126 0
74 32 0
25 40 0
91 183 0
86 170 0
95 83 0
66 92 0
46 117 0
194 94 0
166 76 0
183 165 0
4 17 0
150 121 0
63 21 0
169 3 0
58 178 0
81 85 0
10 58 0
125 101 0
42 11 0
23 137 0
94 41 0
182 141 0
158 176 0
187 76 0
4 122 0
193 8 0
91 95 0
129 106 0
117 51 0
109 127 0
181 142 0
12 143 0
0 137 0
44 194 0
100 20 0
84 195 0
13 66 0
88 172 0
194 27 0
0 198 0
149 194 0
6 40 0
89 87 0
146 158 0
90 7 0
86 23 0
101 50 0
166 101 0
140 163 0
48 40 0
135 132 0
187 148 0
198 27 0
72 192 0
54 73 0
142 3 0
19 148 0
195 60 0
187 93 0
19 30 0
100 57 0
53 1 0
59 172 0
55 199 0
135 103 0
40 70 0
187 27 0
18 137 0
55 91 0
81 61 0
116 23 0
65 135 0
123 12 0
195 62 0
106 166 0
92 158 0
23 98 0
112 83 0
70 119 0
82 157 0
174 74 0
179 161 0
102 149 0
98 109 0
192 179 0
170 108 0
154 187 0
195 77 0
0 191 0
139 58 0
157 32 0
16 133 0
82 128 0
168 104 0
199 50 0
61 173 0
77 192 0
134 179 0
141 184 0
40 134 0
115 10 0
194 69 0
198 190 0
146 150 0
133 86 0
8 42 0
70 24 0
127 152 0
105 95 0
56 104 0
98 69 0
30 175 0
61 164 0
101 194 0
40 16 0
156 35 0
86 154 0
177 32 0
56 62 0
70 64 0
104 140 0
41 32 0
44 98 0
79 52 0
154 177 0
73 184 0
152 86 0
101 58 0
41 2 0
4 33 0
170 161 0
68 56 0
67 197 0
41 124 0
59 63 0
140 116 0
156 181 0
100 152 0
79 179 0
5 186 0
157 30 0
170 61 0
117 23 0
120 110 0
25 124 0
143 148 0
85 164 0
4 105 0
161 197 0
29 173 0
61 169 0
41 169 0
103 93 0
121 134 0
72 126 0
120 181 0
109 43 0
195 178 0
66 115 0
88 44 0
39 183 0
192 77 0
147 148 0
134 61 0
98 163 0
186 111 0
84 27 0
80 139 0
120 1 0
74 144 0
80 146 0
78 189 0
189 73 0
167 8 0
188 7 0
52 179 0
190 196 0
8 90 0
144 142 0
151 42 0
57 137 0
105 94 0
116 185 0
33 188 0
139 107 0
132 19 0
54 10 0
160 195 0
35 79 0
3 23 0
86 7 0
155 28 0
3 115 0
118 100 0
10 21 0
94 67 0
158 0 0
161 26 0
185 195 0
14 124 0
54 99 0
95 60 0
61 55 0
56 97 0
86 11 0
72 172 0
19 179 0
153 22 0
95 71 0
74 105 0
93 169 0
124 3 0
169 86 0
182 154 0
33 196 0
31 39 0
47 126 0
100 109 0
134 108 0
6 20 0
119 30 0
145 90 0
10 98 0
65 105 0
121 139 0
162 166 0
108 38 0
122 77 0
124 104 0
184 109 0
100 15 0
149 100 0
93 49 0
9 27 0
157 167 0
0 28 0
197 97 0
119 7 0
147 184 0
64 68 0
123 178 0
187 32 0
17 109 0
109 93 0
13 93 0
3 65 0
60 104 0
165 154 0
105 126 0
133 14 0
93 85 0
42 91 0
182 113 0
50 81 0
97 67 0
102 173 0
45 89 0
5 14 0
198 66 0
108 11 0
112 63 0
28 172 0
119 194 0
78 24 0
120 164 0
38 166 0
49 80 0
9 184 0
194 59 0
17 43 0
78 119 0
16 124 0
8 173 0
90 158 0
40 150 0
121 104 0
13 150 0
28 132 0
96 107 0
108 168 0
23 146 0
134 24 0
179 143 0
8 125 0
155 26 0
168 33 0
97 137 0
109 106 0
110 0 0
64 102 0
150 186 0
6 116 0
88 35 0
0 184 0
94 109 0
152 69 0
55 39 0
93 34 0
134 54 0
111 89 0
80 32 0
75 129 0
169 184 0
35 31 0
184 52 0
134 87 0
190 92 0
3 78 0
79 155 0
14 125 0
64 166 0
194 120 0
157 88 0
106 92 0
142 18 0
133 174 0
50 8 0
103 171 0
193 91 0
2 129 0
143 88 0
168 85 0
133 123 0
163 12 0
79 177 0
90 143 0
95 36 0
63 5 0
124 122 0
97 18 0
140 30 0
144 142 0
191 48 0
113 184 0
91 67 0
65 186 0
156 34 0
71 41 0
109 34 0
5 188 0
163 95 0
132 10 0
132 147 0
15 8 0
69 112 0
27 161 0
95 171 0
55 38 0
171 120 0
174 62 0
188 39 0
0 96 0
25 71 0
89 135 0
57 94 0
123 20 0
190 7 0
31 74 0
107 198 0
82 128 0
111 61 0
42 158 0
185 97 0
148 156 0
170 122 0
171 110 0
161 171 0
158 139 0
195 47 0
74 52 0
141 149 0
73 83 0
109 56 0
157 16 0
54 192 0
144 117 0
5 138 0
27 190 0
36 175 0
99 158 0
97 22 0
68 11 0
145 26 0
150 140 0
73 176 0
193 166 0
125 18 0
50 186 0
26 159 0
2 80 0
103 99 0
150 109 0
37 177 0
51 25 0
105 150 0
135 154 0
124 3 0
165 70 0
29 67 0
10 54 0
43 155 0
21 121 0
173 23 0
107 199 0
182 110 0
32 86 0
161 134 0
147 150 0
111 198 0
128 168 0
149 63 0
123 25 0
67 88 0
95 48 0
108 58 0
55 151 0
13 28 0
72 139 0
51 180 0
90 33 0
42 74 0
71 155 0
8 18 0
105 72 0
17 33 0
40 118 0
49 163 0
143 68 0
4 191 0
116 64 0
49 123 0
15 14 0
151 40 0
105 2 0
20 148 0
188 14 0
22 59 0
169 183 0
30 26 0
55 199 0
12 95 0
117 61 0
11 12 0
129 167 0
155 197 0
31 156 0
121 198 0
123 72 0
38 28 0
27 10 0
128 15 0
24 151 0
26 145 0
134 56 0
172 141 0
55 184 0
36 124 0
197 199 0
89 78 0
118 196 0
75 101 0
153 148 0
100 76 0
173 90 0
56 152 0
101 185 0
167 125 0
88 193 0
23 174 0
2 195 0
115 9 0
131 103 0
134 80 0
55 175 0
158 125 0
171 185 0
27 76 0
86 79 0
152 11 0
169 161 0
163 70 0
98 130 0
148 138 0
75 171 0
64 29 0
118 179 0
39 1 0
34 125 0
81 41 0
52 39 0
167 23 0
176 194 0
100 62 0
73 4 0
73 194 0
117 36 0
17 167 0
118 165 0
105 146 0
88 169 0
175 158 0
100 14 0
159 87 0
91 40 0
128 143 0
31 95 0
167 159 0
41 19 0
22 66 0
175 47 0
61 45 0
36 78 0
12 106 0
195 70 0
52 83 0
39 28 0
41 92 0
194 152 0
179 86 0
144 107 0
29 127 0
3 148 0
86 196 0
119 60 0
63 47 0
60 124 0
92 96 0
2 56 0
2 197 0
126 7 0
32 118 0
35 25 0
10 181 0
177 189 0
19 121 0
48 1 0
48 3 0
149 86 0
0 21 0
147 63 0
68 7 0
139 112 0
55 141 0
120 57 0
90 199 0
64 74 0
69 51 0
99 79 0
185 28 0
20 4 0
101 20 0
5 149 0
24 107 0
187 176 0
128 86 0
39 148 0
93 178 0
12 148 0
71 84 0
158 113 0
35 174 0
187 104 0
178 38 0
135 115 0
66 107 0
119 167 0
128 77 0
68 104 0
184 55 0
80 64 0
142 119 0
164 187 0
49 128 0
88 120 0
164 198 0
185 0 0
124 172 0
104 102 0
10 40 0
17 28 0
99 89 0
195 27 0
166 63 0
131 102 0
70 11 0
118 164 0
82 34 0
152 83 0
162 40 0
155 78 0
190 140 0
78 114 0
64 135 0
169 74 0
127 138 0
54 26 0
27 49 0
54 145 0
64 137 0
199 135 0
101 117 0
51 183 0
151 3 0
19 65 0
195 174 0
144 185 0
115 174 0
52 179 0
109 21 0
6 36 0
159 60 0
15 139 0
62 69 0
84 126 0
158 36 0
13 59 0
153 65 0
195 57 0
20 14 0
74 168 0
188 170 0
105 55 0
145 157 0
187 6 0
178 145 0
195 138 0
157 10 0
29 19 0
31 65 0
98 189 0
101 63 0
49 7 0
80 44 0
16 101 0
10 90 0
21 150 0
13 126 0
6 110 0
84 145 0
116 62 0
90 63 0
152 47 0
73 181 0
19 56 0
199 69 0
46 100 0
132 47 0
107 13 0
43 123 0
66 53 0
166 39 0
3 179 0
165 161 0
89 49 0
106 157 0
64 148 0
21 16 0
148 46 0
150 167 0
55 101 0
188 53 0
1 120 0
100 61 0
85 143 0
136 103 0
148 54 0
142 103 0
33 108 0
17 74 0
109 75 0
184 173 0
24 157 0
142 124 0
155 44 0
43 10 0
145 31 0
63 98 0
151 163 0
159 189 0
58 96 0
44 158 0
150 187 0
14 136 0
47 31 0
162 156 0
106 146 0
103 24 0
6 11 0
68 49 0
21 165 0
80 85 0
63 184 0
0 23 0
125 11 0
71 169 0
121 173 0
108 135 0
61 155 0
166 176 0
64 25 0
122 146 0
107 178 0
122 114 0
189 142 0
115 162 0
107 196 0
47 122 0
132 0 0
97 57 0
163 120 0
26 84 0
46 135 0
172 107 0
42 90 0
83 106 0
115 158 0
4 175 0
88 78 0
41 29 0
20 156 0
191 79 0
104 191 0
2 36 0
191 99 0
93 106 0
20 72 0
142 66 0
7 114 0
125 49 0
157 161 0
108 72 0
71 64 0
199 159 0
143 192 0
188 115 0
149 179 0
195 5 0
122 149 0
42 113 0
0 87 0
171 20 0
159 114 0
38 166 0
180 116 0
168 137 0
77 28 0
162 148 0
44 161 0
59 187 0
154 47 0
178 2 0
60 101 0
151 54 0
166 151 0
142 90 0
124 101 0
4 114 0
20 184 0
30 140 0
74 59 0
168 36 0
7 164 0
149 18 0
104 55 0
17 159 0
62 148 0
161 123 0
49 112 0
129 167 0
15 71 0
57 139 0
125 13 0
54 97 0
150 36 0
37 24 0
96 157 0
12 55 0
121 161 0
74 25 0
169 91 0
184 31 0
39 97 0
106 40 0
161 36 0
160 177 0
59 17 0
68 184 0
31 122 0
81 133 0
111 118 0
157 7 0
27 121 0
62 149 0
82 88 0
126 3 0
132 111 0
35 171 0
160 141 0
164 122 0
129 124 0
99 189 0
93 167 0
125 76 0
42 7 0
9 153 0
77 118 0
112 57 0
39 174 0
6 74 0
15 132 0
77 147 0
195 64 0
70 156 0
158 34 0
30 87 0
110 129 0
28 4 0
48 154 0
80 42 0
113 42 0
147 142 0
160 59 0
199 0 0
186 5 0
74 1 0
90 151 0
148 37 0
168 170 0
145 126 0
5 175 0
13 67 0
56 42 0
71 105 0
148 104 0
99 61 0
146 47 0
3 58 0
106 3 0
58 44 0
160 132 0
45 2 0
36 145 0
40 4 0
116 137 0
82 73 0
113 95 0
92 169 0
89 116 0
26 189 0
20 126 0
50 118 0
125 6 0
176 183 0
9 187 0
28 121 0
71 25 0
76 107 0
123 68 0
63 191 0
5 97 0
16 118 0
193 108 0
40 34 0
24 18 0
24 196 0
96 26 0
114 21 0
32 43 0
5 193 0
30 185 0
67 101 0
10 143 0
161 85 0
11 176 0
76 168 0
74 92 0
87 19 0
1 79 0
5 177 0
49 181 0
174 146 0
8 40 0
167 192 0
83 124 0
138 65 0
61 5 0
167 24 0
100 80 0
109 63 0
56 186 0
31 82 0
30 70 0
101 183 0
101 59 0
161 151 0
40 135 0
97 0 0
175 16 0
145 11 0
141 83 0
76 154 0
40 43 0
178 92 0
75 88 0
155 84 0
26 138 0
166 56 0
9 20 0
192 62 0
79 153 0
13 71 0
88 110 0
24 15 0
79 169 0
26 20 0
4 103 0
126 196 0
98 105 0
88 126 0
145 195 0
10 171 0
85 128 0
179 46 0
148 171 0
109 179 0
76 122 0
3 164 0
185 27 0
132 64 0
196 110 0
36 152 0
13 162 0
148 64 0
19 188 0
190 164 0
183 152 0
135 20 0
80 67 0
67 181 0
190 176 0
160 67 0
50 115 0
183 35 0
142 115 0
51 90 0
26 87 0
42 191 0
2 190 0
7 21 0
178 197 0
186 113 0
101 73 0
134 182 0
92 153 0
163 83 0
81 75 0
150 131 0
191 133 0
119 133 0
49 170 0
24 27 0
10 18 0
18 12 0
9 26 0
185 139 0
175 123 0
5 77 0
197 91 0
11 89 0
44 174 0
172 125 0
1 122 0
8 192 0
8 127 0
78 57 0
50 54 0
36 60 0
72 6 0
24 33 0
32 9 0
173 160 0
85 130 0
189 82 0
21 0 0
123 17 0
174 48 0
94 175 0
122 102 0
120 130 0
30 198 0
139 32 0
4 175 0
92 76 0
182 68 0
110 166 0
29 35 0
78 114 0
165 67 0
148 186 0
67 24 0
3 193 0
72 49 0
121 194 0
151 41 0
77 133 0
191 168 0
165 195 0
144 9 0
23 78 0
29 133 0
196 59 0
120 75 0
125 85 0
142 74 0
23 162 0
98 178 0
155 122 0
27 76 0
68 179 0
69 145 0
112 12 0
66 30 0
159 10 0
39 183 0
40 69 0
68 188 0
80 189 0
63 5 0
26 158 0
31 50 0
120 81 0
28 27 0
3 56 0
104 24 0
187 125 0
121 51 0
138 187 0
81 49 0
149 73 0
32 189 0
94 53 0
178 174 0
194 193 0
131 20 0
151 115 0
70 23 0
196 51 0
51 152 0
59 107 0
176 46 0
32 49 0
49 122 0
37 131 0
124 186 0
156 108 0
128 50 0
161 58 0
176 155 0
51 107 0
128 155 0
22 150 0
178 171 0
1 29 0
123 12 0
88 51 0
10 73 0
52 60 0
147 89 0
143 71 0
28 99 0
180 156 0
149 141 0
14 125 0
49 17 0
184 177 0
172 7 0
79 103 0
130 81 0
84 5 0
45 173 0
46 108 0
116 193 0
150 59 0
65 178 0
110 45 0
86 59 0
138 52 0
136 139 0
69 120 0
68 194 0
79 148 0
97 161 0
166 26 0
106 174 0
82 152 0
35 150 0
98 185 0
161 163 0
115 71 0
160 1 0
82 50 0
53 18 0
142 122 0
91 10 0
68 122 0
158 165 0
84 139 0
99 50 0
118 5 0
25 0 0
110 60 0
103 8 0
197 64 0
123 112 0
136 35 0
113 18 0
37 166 0
189 179 0
40 32 0
190 61 0
106 100 0
26 190 0
40 77 0
193 110 0
83 170 0
110 145 0
30 165 0
153 179 0
30 28 0
91 166 0
63 156 0
136 100 0
122 77 0
80 114 0
61 22 0
175 168 0
122 154 0
110 114 0
183 103 0
24 66 0
25 87 0
163 7 0
52 116 0
186 82 0
144 77 0
0 159 0
33 89 0
60 107 0
118 92 0
174 180 0
114 101 0
148 36 0
7 10 0
103 191 0
114 127 0
9 139 0
14 173 0
147 19 0
41 85 0
101 186 0
163 54 0
97 148 0
95 109 0
8 13 0
1 182 0
193 67 0
83 93 0
104 43 0
104 7 0
34 170 0
86 43 0
61 53 0
16 8 0
72 10 0
94 125 0
148 9 0
179 45 0
157 74 0
155 165 0
40 108 0
99 33 0
176 135 0
127 32 0
178 183 0
191 12 0
153 77 0
7 14 0
130 176 0
175 154 0
186 21 0
80 134 0
30 11 0
179 139 0
38 86 0
57 78 0
195 108 0
111 171 0
43 190 0
3 173 0
173 194 0
185 78 0
23 145 0
45 106 0
121 20 0
60 59 0
41 140 0
193 23 0
152 124 0
114 190 0
11 123 0
68 158 0
184 131 0
81 27 0
122 84 0
1 47 0
30 138 0
78 5 0
35 123 0
111 156 0
143 172 0
15 136 0
64 160 0
111 16 0
85 177 0
158 48 0
53 26 0
158 37 0
110 39 0
16 184 0
75 169 0
183 57 0
60 61 0
62 95 0
136 174 0
4 31 0
98 19 0
167 162 0
132 30 0
131 169 0
160 89 0
169 13 0
68 127 0
2 178 0
166 18 0
114 41 0
188 97 0
98 48 0
111 112 0
143 47 0
38 147 0
79 136 0
119 198 0
51 3 0
181 182 0
172 141 0
23 93 0
106 91 0
20 108 0
21 138 0
126 87 0
131 66 0
185 181 0
114 48 0
93 10 0
95 132 0
109 126 0
20 180 0
125 23 0
135 106 0
5 107 0
199 29 0
0 105 0
72 172 0
165 46 0
110 91 0
133 193 0
158 70 0
174 24 0
118 20 0
186 14 0
104 48 0
92 124 0
28 17 0
148 164 0
75 105 0
23 74 0
86 176 0
131 111 0
148 96 0
157 11 0
140 42 0
156 50 0
113 131 0
26 183 0
151 13 0
149 55 0
61 42 0
131 41 0
59 31 0
5 87 0
137 181 0
113 23 0
157 45 0
134 57 0
93 43 0
20 185 0
38 177 0
35 151 0
60 62 0
86 11 0
27 36 0
18 40 0
78 149 0
81 89 0
133 39 0
176 70 0
20 42 0
45 129 0
87 132 0
138 132 0
127 111 0
118 165 0
88 105 0
68 100 0
167 155 0
111 146 0
191 81 0
186 21 0
182 68 0
110 115 0
59 39 0
137 79 0
81 183 0
160 120 0
67 98 0
4 194 0
161 122 0
160 49 0
101 147 0
183 12 0
46 126 0
45 32 0
147 28 0
52 10 0
95 111 0
1 33 0
142 34 0
168 102 0
106 35 0
153 110 0
181 114 0
185 141 0
116 165 0
122 17 0
64 57 0
182 110 0
136 179 0
95 35 0
7 147 0
197 55 0
11 198 0
40 153 0
184 8 0
8 90 0
195 113 0
153 176 0
27 138 0
70 95 0
103 144 0
113 119 0
1 47 0
30 89 0
26 77 0
125 186 0
176 122 0
41 187 0
121 33 0
93 57 0
41 101 0
148 188 0
14 101 0
164 193 0
191 186 0
89 46 0
130 154 0
165 84 0
153 195 0
125 179 0
72 50 0
117 49 0
173 110 0
188 46 0
143 81 0
103 136 0
134 3 0
124 100 0
56 41 0
94 47 0
27 135 0
45 110 0
41 11 0
146 194 0
158 71 0
125 31 0
74 195 0
32 47 0
105 172 0
45 1 0
6 148 0
137 140 0
104 62 0
193 112 0
103 39 0
160 82 0
174 157 0
144 167 0
168 42 0
113 127 0
66 190 0
110 140 0
185 142 0
139 43 0
66 184 0
44 72 0
84 181 0
13 188 0
43 158 0
101 98 0
197 13 0
133 123 0
170 29 0
90 91 0
72 155 0
18 138 0
145 128 0
30 83 0
22 169 0
126 88 0
153 170 0
113 189 0
103 78 0
178 99 0
36 31 0
149 33 0
196 82 0
156 118 0
112 198 0
9 136 0
105 179 0
26 50 0
107 56 0
85 81 0
177 163 0
122 130 0
133 35 0
119 189 0
113 49 0
88 149 0
32 37 0
182 28 0
72 90 0
99 136 0
40 60 0
72 145 0
40 98 0
106 33 0
181 83 0
196 103 0
165 82 0
138 36 0
71 51 0
86 111 0
0 70 0
100 134 0
51 172 0
24 150 0
108 16 0
10 132 0
161 50 0
30 108 0
150 88 0
93 131 0
171 90 0
34 136 0
124 172 0
125 147 0
175 163 0
58 175 0
33 158 0
109 84 0
83 85 0
186 143 0
101 197 0
76 14 0
199 106 0
122 101 0
147 16 0
32 118 0
58 18 0
7 182 0
142 84 0
129 117 0
47 139 0
92 80 0
49 153 0
117 132 0
190 103 0
76 43 0
52 104 0
57 4 0
162 180 0
105 109 0
148 138 0
180 158 0
108 187 0
140 51 0
23 21 0
120 70 0
160 165 0
150 9 0
118 19 0
94 61 0
123 122 0
104 127 0
26 114 0
131 188 0
46 37 0
50 194 0
127 30 0
152 187 0
169 44 0
38 192 0
65 159 0
62 177 0
124 164 0
138 194 0
184 32 0
7 59 0
106 112 0
186 84 0
26 70 0
73 72 0
107 75 0
18 186 0
105 122 0
173 74 0
166 164 0
66 183 0
75 80 0
160 151 0
44 98 0
97 180 0
83 105 0
191 189 0
169 178 0
74 147 0
0 99 0
171 107 0
174 189 0
45 31 0
63 18 0
105 29 0
134 123 0
164 9 0
155 124 0
160 151 0
22 58 0
132 105 0
163 123 0
47 132 0
53 73 0
79 53 0
172 2 0
112 98 0
191 157 0
129 6 0
128 34 0
187 62 0
109 151 0
72 64 0
75 184 0
15 49 0
194 99 0
107 157 0
23 154 0
41 28 0
27 72 0
34 151 0
74 146 0
49 17 0
56 130 0
23 184 0
116 10 0
198 25 0
161 22 0
41 188 0
159 56 0
190 153 0
108 97 0
111 83 0
3 104 0
111 182 0
129 145 0
85 3 0
44 134 0
173 100 0
16 196 0
36 132 0
159 186 0
157 72 0
161 150 0
61 120 0
6 51 0
73 66 0
100 184 0
149 55 0
41 13 0
37 170 0
158 122 0
125 154 0
8 98 0
6 24 0
47 194 0
156 6 0
181 65 0
78 142 0
15 91 0
62 173 0
94 87 0
40 194 0
72 141 0
49 65 0
154 38 0
35 65 0
112 160 0
19 72 0
59 178 0
96 106 0
172 4 0
64 105 0
21 94 0
199 188 0
186 13 0
162 80 0
101 154 0
27 125 0
95 28 0
190 50 0
67 25 0
115 131 0
137 86 0
4 148 0
64 52 0
6 189 0
57 70 0
94 30 0
165 94 0
19 103 0
107 133 0
183 160 0
39 162 0
85 86 0
191 75 0
88 10 0
52 3 0
141 190 0
42 145 0
90 106 0
198 97 0
47 7 0
119 142 0
189 36 0
188 160 0
139 47 0
93 75 0
8 84 0
37 93 0
171 180 0
121 59 0
190 173 0
15 132 0
115 57 0
29 158 0
115 179 0
55 163 0
138 126 0
57 128 0
163 45 0
88 102 0
92 134 0
129 52 0
18 167 0
146 141 0
99 19 0
1 90 0
192 168 0
174 60 0
177 155 0
18 92 0
135 25 0
7 73 0
151 64 0
153 114 0
61 194 0
169 154 0
80 98 0
158 98 0
17 104 0
192 117 0
75 145 0
159 20 0
113 133 0
80 90 0
88 50 0
134 175 0
75 142 0
1 178 0
158 106 0
45 20 0
100 166 0
126 180 0
16 84 0
31 34 0
141 23 0
103 16 0
168 62 0
36 33 0
147 68 0
123 187 0
118 57 0
163 145 0
151 116 0
76 110 0
22 121 0
82 123 0
87 8 0
55 103 0
44 86 0
89 185 0
61 192 0
154 29 0
6 142 0
14 153 0
11 137 0
93 81 0
147 56 0
179 98 0
124 55 0
160 146 0
128 42 0
21 167 0
2 77 0
22 47 0
163 112 0
184 25 0
56 138 0
6 15 0
33 21 0
168 196 0
110 61 0
77 9 0
69 8 0
108 193 0
15 20 0
92 143 0
63 113 0
62 17 0
190 85 0
64 106 0
197 1 0
83 5 0
91 41 0
20 124 0
14 141 0
120 125 0
154 150 0
134 24 0
158 194 0
169 174 0
167 13 0
69 182 0
127 132 0
199 69 0
17 16 0
127 166 0
17 10 0
171 108 0
4 192 0
33 18 0
85 153 0
95 39 0
55 182 0
15 14 0
128 137 0
140 95 0
150 161 0
77 29 0
93 29 0
51 62 0
45 178 0
28 62 0
141 152 0
122 145 0
96 155 0
115 181 0
61 11 0
20 116 0
145 36 0
82 73 0
173 22 0
121 75 0
184 198 0
105 29 0
179 156 0
92 24 0
134 72 0
38 27 0
24 161 0
172 120 0
68 88 0
53 129 0
51 74 0
198 196 0
62 80 0
21 35 0
55 142 0
110 39 0
93 167 0
20 72 0
123 112 0
97 10 0
137 87 0
37 161 0
48 10 0
34 117 0
50 87 0
198 53 0
113 196 0
1 175 0
29 22 0
162 84 0
165 25 0
75 58 0
192 47 0
82 116 0
112 131 0
78 49 0
19 115 0
10 67 0
77 196 0
136 79 0
84 135 0
132 197 0
83 133 0
173 64 0
108 135 0
100 73 0
160 127 0
83 105 0
175 165 0
173 87 0
49 51 0
136 68 0
166 98 0
135 44 0
95 72 0
75 179 0
159 8 0
128 194 0
93 53 0
59 1 0
141 159 0
74 53 0
87 109 0
158 62 0
27 131 0
101 76 0
182 37 0
144 101 0
135 31 0
97 30 0
55 172 0
161 14 0
180 42 0
9 26 0
95 68 0
27 36 0
179 54 0
90 66 0
115 48 0
80 142 0
132 181 0
170 66 0
170 66 0
167 106 0
98 64 0
88 153 0
37 2 0
120 169 0
44 81 0
195 139 0
101 23 0
128 80 0
29 18 0
147 144 0
18 179 0
87 150 0
113 9 0
17 83 0
76 136 0
141 126 0
1 30 0
31 190 0
184 151 0
111 28 0
184 107 0
119 85 0
82 47 0
166 63 0
7 36 0
44 46 0
138 157 0
56 107 0
193 84 0
44 134 0
10 197 0
116 193 0
139 100 0
145 50 0
128 81 0
109 0 0
167 143 0
47 133 0
6 65 0
150 14 0
101 194 0
12 191 0
104 68 0
99 97 0
152 143 0
183 114 0
92 100 0
108 31 0
0 5 0
33 81 0
86 143 0
81 5 0
38 80 0
138 45 0
145 88 0
11 198 0
35 23 0
190 91 0
44 89 0
140 148 0
184 123 0
63 28 0
23 123 0
59 176 0
80 44 0
57 118 0
187 90 0
124 26 0
170 62 0
23 116 0
103 34 0
66 90 0
9 56 0
181 53 0
97 121 0
2 33 0
196 17 0
61 172 0
140 72 0
100 20 0
117 157 0
138 56 0
199 62 0
34 169 0
77 9 0
37 132 0
195 104 0
22 5 0
112 3 0
10 162 0
76 12 0
147 24 0
29 161 0
148 121 0
185 48 0
93 102 0
157 184 0
111 156 0
198 97 0
126 27 0
107 163 0
159 102 0
19 181 0
107 84 0
136 70 0
46 164 0
82 193 0
141 64 0
106 89 0
137 92 0
138 31 0
146 95 0
167 57 0
52 165 0
155 130 0
193 14 0
45 152 0
116 65 0
86 176 0
101 22 0
46 147 0
139 80 0
92 80 0
96 199 0
169 34 0
91 59 0
17 37 0
107 184 0
47 159 0
149 154 0
41 142 0
168 86 0
47 36 0
103 133 0
164 4 0
107 10 0
151 46 0
43 196 0
78 139 0
147 0 0
173 190 0
11 190 0
179 118 0
174 26 0
29 76 0
132 70 0
170 52 0
157 17 0
89 60 0
102 53 0
65 10 0
16 168 0
8 59 0
164 87 0
150 63 0
39 124 0
53 50 0
66 33 0
169 193 0
11 198 0
69 144 0
69 191 0
196 178 0
9 37 0
38 111 0
91 55 0
73 59 0
24 82 0
70 140 0
121 20 0
4 160 0
96 57 0
162 163 0
42 131 0
108 54 0
82 129 0
150 103 0
120 146 0
136 71 0
145 27 0
127 18 0
38 151 0
52 108 0
43 173 0
80 47 0
85 177 0
57 48 0
92 51 0
131 0 0
105 13 0
81 7 0
116 1 0
154 149 0
35 90 0
21 180 0
69 148 0
198 59 0
167 94 0
176 199 0
94 14 0
176 103 0
14 68 0
154 145 0
20 12 0
111 101 0
19 179 0
55 125 0
129 90 0
167 150 0
70 188 0
50 20 0
47 101 0
71 166 0
147 0 0
166 41 0
14 142 0
96 28 0
163 51 0
125 183 0
15 36 0
37 34 0
168 44 0
160 97 0
134 79 0
199 156 0
68 1 0
176 115 0
102 0 0
34 1 0
195 14 0
94 91 0
194 9 0
94 119 0
193 109 0
156 182 0
144 124 0
26 56 0
173 112 0
135 124 0
68 155 0
125 44 0
71 179 0
196 57 0
180 196 0
57 175 0
162 103 0
19 156 0
76 58 0
23 184 0
40 119 0
60 18 0
175 185 0
130 62 0
109 198 0
18 186 0
194 41 0
117 143 0
98 97 0
139 107 0
25 54 0
162 44 0
10 75 0
157 38 0
85 180 0
174 77 0
51 186 0
95 178 0
171 177 0
41 32 0
127 11 0
170 74 0
4 87 0
17 54 0
185 108 0
113 162 0
162 75 0
6 125 0
103 115 0
115 140 0
96 90 0
18 99 0
76 65 0
78 0 0
43 71 0
32 170 0
82 3 0
196 38 0
90 13 0
92 27 0
122 157 0
189 84 0
32 147 0
161 87 0
63 77 0
28 111 0
167 198 0
10 195 0
63 88 0
195 58 0
159 180 0
181 193 0
183 177 0
183 25 0
191 75 0
5 113 0
32 146 0
149 17 0
94 63 0
56 109 0
140 84 0
172 59 0
82 182 0
54 98 0
23 50 0
156 134 0
182 137 0
80 117 0
115 63 0
142 106 0
91 99 0
171 75 0
46 72 0
44 92 0
135 101 0
153 75 0
185 125 0
134 20 0
59 141 0
118 82 0
143 74 0
169 125 0
164 49 0
42 79 0
64 136 0
137 155 0
36 60 0
183 34 0
132 27 0
78 20 0
128 31 0
47 66 0
156 134 0
86 15 0
75 156 0
50 170 0
182 19 0
95 146 0
20 137 0
25 36 0
25 114 0
192 61 0
174 127 0
47 107 0
154 125 0
79 35 0
156 126 0
101 64 0
12 139 0
32 39 0
47 82 0
9 29 0
53 104 0
176 25 0
193 153 0
61 19 0
20 5 0
80 194 0
132 80 0
53 39 0
5 132 0
74 114 0
11 175 0
178 23 0
114 10 0
15 161 0
44 24 0
142 97 0
129 70 0
74 122 0
176 136 0
93 196 0
93 126 0
190 26 0
6 196 0
65 11 0
128 139 0
125 91 0
66 56 0
67 132 0
66 82 0
45 111 0
106 187 0
160 187 0
58 35 0
62 186 0
123 155 0
182 16 0
81 124 0
194 39 0
120 59 0
51 1 0
150 128 0
44 16 0
184 111 0
100 3 0
66 4 0
133 26 0
191 143 0
13 5 0
129 136 0
113 63 0
105 146 0
187 99 0
186 60 0
111 189 0
13 61 0
69 57 0
30 6 0
121 82 0
9 66 0
28 75 0
70 113 0
53 14 0
56 67 0
171 137 0
155 84 0
152 60 0
31 91 0
160 17 0
151 71 0
158 164 0
84 27 0
174 66 0
33 95 0
149 42 0
161 129 0
69 184 0
42 75 0
150 50 0
142 121 0
139 49 0
6 91 0
110 189 0
182 22 0
6 86 0
45 116 0
2 81 0
143 176 0
148 177 0
23 49 0
171 185 0
178 193 0
121 172 0
68 71 0
22 162 0
192 161 0
11 150 0
4 121 0
139 138 0
95 97 0
176 140 0
13 131 0
22 109 0
107 122 0
38 131 0
123 161 0
68 53 0
154 189 0
25 174 0
12 199 0
136 156 0
160 148 0
59 116 0
21 150 0
54 69 0
48 183 0
9 13 0
114 183 0
74 173 0
105 112 0
56 28 0
26 124 0
81 180 0
65 58 0
107 29 0
57 43 0
186 17 0
143 197 0
85 117 0
147 92 0
186 195 0
75 147 0
161 189 0
131 187 0
162 188 0
100 19 0
17 126 0
95 50 0
58 113 0
109 117 0
142 166 0
161 80 0
136 56 0
77 21 0
125 25 0
113 63 0
172 140 0
11 85 0
129 142 0
73 44 0
130 125 0
63 99 0
3 110 0
102 13 0
23 11 0
131 166 0
129 44 0
198 65 0
100 76 0
39 178 0
101 104 0
41 25 0
45 52 0
111 126 0
146 184 0
170 29 0
109 185 0
128 112 0
96 30 0
125 119 0
193 8 0
37 123 0
52 36 0
140 153 0
112 179 0
131 165 0
84 172 0
190 81 0
177 53 0
7 123 0
37 178 0
152 98 0
163 33 0
162 59 0
15 40 0
131 161 0
48 168 0
84 101 0
156 24 0
6 20 0
4 89 0
185 40 0
61 128 0
121 190 0
181 128 0
114 171 0
106 18 0
21 22 0
3 184 0
33 19 0
24 164 0
180 72 0
133 16 0
125 41 0
40 131 0
62 196 0
20 199 0
188 34 0
127 109 0
24 61 0
190 90 0
184 48 0
109 5 0
70 64 0
189 104 0
83 13 0
68 15 0
38 153 0
183 163 0
195 176 0
47 9 0
172 67 0
8 161 0
101 136 0
22 126 0
149 12 0
16 133 0
61 77 0
138 131 0
142 80 0
187 177 0
93 56 0
145 83 0
161 128 0
199 108 0
104 46 0
117 29 0
113 126 0
142 167 0
14 164 0
45 115 0
177 61 0
48 190 0
91 138 0
121 185 0
18 109 0
114 64 0
117 59 0
99 30 0
140 98 0
139 44 0
144 56 0
73 10 0
182 15 0
177 148 0
132 22 0
63 109 0
35 63 0
51 78 0
2 124 0
63 20 0
185 130 0
36 102 0
189 136 0
133 129 0
34 72 0
126 131 0
80 151 0
141 15 0
119 70 0
163 51 0
44 27 0
112 79 0
90 163 0
110 44 0
87 125 0
65 73 0
55 53 0
127 197 0
189 60 0
126 24 0
84 4 0
107 165 0
156 48 0
132 75 0
70 95 0
126 114 0
74 38 0
145 117 0
153 7 0
161 40 0
133 178 0
65 188 0
32 193 0
185 173 0
5 64 0
197 90 0
68 104 0
7 24 0
104 139 0
51 126 0
186 177 0
192 13 0
167 90 0
130 120 0
97 43 0
113 30 0
174 178 0
171 158 0
171 108 0
131 177 0
124 81 0
19 193 0
137 178 0
169 42 0
69 21 0
120 55 0
150 113 0
68 118 0
3 150 0
190 100 0
194 103 0
83 120 0
34 6 0
78 157 0
114 9 0
134 39 0
90 105 0
184 180 0
83 105 0
22 152 0
126 94 0
160 29 0
159 180 0
99 162 0
131 89 0
15 77 0
145 50 0
197 131 0
56 27 0
88 170 0
36 175 0
161 79 0
80 145 0
59 116 0
51 33 0
68 129 0
79 180 0
110 39 0
161 9 0
1 92 0
51 168 0
169 148 0
18 118 0
79 74 0
145 167 0
197 133 0
94 158 0
164 175 0
56 175 0
91 59 0
160 111 0
188 40 0
92 99 0
31 53 0
60 32 0
97 111 0
153 18 0
59 171 0
136 90 0
198 33 0
58 195 0
118 104 0
153 35 0
79 161 0
10 122 0
20 123 0
34 9 0
163 78 0
60 194 0
83 120 0
178 180 0
184 83 0
198 43 0
55 86 0
134 5 0
71 144 0
0 189 0
48 105 0
24 80 0
67 187 0
2 87 0
110 188 0
48 25 0
66 60 0
171 101 0
133 149 0
81 117 0
185 79 0
112 192 0
117 46 0
197 188 0
142 149 0
130 143 0
54 154 0
175 73 0
93 177 0
113 3 0
118 113 0
28 136 0
174 199 0
38 59 0
101 119 0
176 86 0
151 88 0
78 20 0
87 27 0
9 29 0
176 139 0
124 182 0
45 99 0
8 139 0
29 121 0
142 147 0
186 123 0
35 112 0
74 73 0
171 175 0
145 147 0
13 48 0
36 43 0
68 75 0
70 29 0
56 198 0
120 181 0
181 166 0
32 189 0
57 61 0
62 151 0
160 0 0
74 196 0
113 149 0
21 84 0
76 118 0
184 42 0
118 172 0
85 139 0
47 108 0
168 103 0
106 89 0
36 39 0
7 69 0
180 64 0
82 42 0
15 43 0
195 42 0
191 108 0
191 164 0
144 19 0
35 80 0
61 153 0
52 99 0
92 51 0
159 13 0
107 17 0
102 143 0
57 61 0
164 37 0
125 47 0
32 92 0
90 27 0
134 33 0
87 77 0
197 183 0
97 184 0
64 110 0
138 116 0
161 182 0
120 72 0
195 27 0
90 49 0
170 147 0
110 87 0
136 35 0
134 168 0
80 176 0
147 14 0
9 186 0
92 158 0
170 141 0
143 34 0
3 33 0
102 117 0
15 22 0
189 163 0
49 79 0
12 172 0
178 123 0
59 115 0
110 145 0
35 190 0
121 135 0
157 82 0
121 1 0
192 43 0
142 135 0
77 97 0
120 132 0
14 88 0
106 156 0
51 156 0
187 63 0
80 166 0
186 91 0
33 49 0
36 68 0
39 109 0
3 148 0
191 77 0
149 183 0
120 91 0
71 150 0
141 143 0
34 107 0
31 140 0
63 82 0
48 3 0
98 128 0
169 84 0
171 2 0
85 159 0
22 77 0
68 178 0
25 59 0
55 175 0
195 127 0
29 159 0
161 63 0
19 193 0
4 34 0
27 4 0
37 125 0
85 6 0
162 56 0
160 47 0
16 183 0
124 84 0
161 102 0
96 168 0
77 91 0
61 77 0
7 22 0
140 178 0
167 96 0
12 195 0
101 50 0
120 186 0
8 82 0
194 169 0
82 10 0
104 158 0
47 65 0
60 143 0
185 137 0
186 80 0
185 47 0
109 144 0
21 2 0
122 189 0
98 86 0
184 151 0
88 56 0
89 97 0
91 36 0
18 173 0
46 74 0
131 45 0
91 144 0
140 76 0
81 78 0
108 18 0
77 18 0
114 99 0
20 36 0
88 70 0
75 24 0
174 163 0
80 63 0
12 171 0
51 182 0
96 50 0
56 180 0
95 147 0
124 36 0
23 157 0
66 84 0
128 144 0
102 42 0
43 74 0
31 83 0
144 106 0
107 118 0
21 187 0
134 34 0
111 185 0
16 159 0
187 25 0
139 83 0
124 15 0
71 100 0
125 137 0
184 53 0
81 38 0
95 76 0
112 126 0
159 56 0
184 66 0
127 6 0
6 13 0
192 117 0
150 8 0
28 138 0
185 168 0
21 110 0
135 44 0
10 60 0
181 146 0
113 15 0
184 161 0
91 96 0
87 3 0
104 24 0
69 31 0
30 75 0
44 22 0
144 147 0
182 173 0
85 168 0
93 58 0
30 28 0
102 192 0
41 35 0
138 154 0
2 122 0
115 94 0
18 155 0
97 122 0
179 118 0
106 161 0
146 102 0
183 90 0
49 165 0
15 134 0
85 60 0
192 67 0
89 46 0
59 82 0
82 197 0
36 84 0
119 104 0
130 89 0
11 179 0
164 190 0
50 70 0
151 196 0
172 86 0
38 174 0
3 54 0
108 41 0
114 53 0
108 155 0
99 168 0
189 133 0
117 26 0
170 189 0
82 100 0
78 93 0
32 42 0
35 82 0
64 138 0
78 189 0
176 68 0
163 179 0
74 23 0
20 141 0
76 129 0
96 128 0
49 86 0
13 166 0
64 183 0
155 98 0
84 186 0
143 68 0
180 130 0
150 45 0
68 180 0
186 196 0
48 149 0
175 123 0
172 148 0
64 1 0
29 112 0
81 78 0
150 94 0
196 166 0
78 104 0
64 114 0
90 159 0
134 70 0
89 84 0
67 109 0
16 53 0
105 64 0
154 33 0
139 79 0
181 155 0
32 10 0
68 113 0
40 170 0
159 188 0
137 189 0
92 153 0
55 134 0
113 189 0
157 2 0
25 24 0
112 41 0
30 169 0
58 136 0
2 149 0
15 135 0
105 199 0
97 173 0
64 137 0
143 176 0
78 32 0
165 170 0
186 173 0
105 99 0
114 14 0
101 140 0
190 165 0
133 172 0
87 143 0
109 41 0
45 76 0
177 150 0
76 74 0
75 92 0
164 170 0
68 42 0
3 186 0
164 189 0
159 21 0
40 73 0
35 93 0
165 26 0
59 51 0
198 98 0
146 59 0
139 191 0
136 116 0
93 164 0
143 168 0
56 59 0
139 125 0
53 94 0
63 17 0
35 22 0
191 75 0
47 178 0
168 165 0
156 179 0
16 155 0
77 114 0
166 169 0
58 54 0
37 151 0
18 180 0
72 27 0
191 163 0
104 44 0
57 167 0
14 92 0
189 5 0
167 188 0
183 87 0
153 140 0
67 121 0
47 96 0
36 165 0
65 46 0
20 103 0
197 38 0
83 21 0
65 27 0
184 121 0
71 193 0
88 85 0
85 29 0
42 4 0
18 178 0
44 123 0
70 111 0
45 117 0
7 33 0
34 73 0
79 54 0
176 28 0
93 11 0
50 110 0
38 186 0
184 62 0
180 72 0
99 17 0
54 142 0
22 24 0
120 66 0
147 190 0
129 192 0
59 136 0
177 93 0
161 8 0
100 89 0
37 145 0
53 39 0
7 43 0
25 191 0
105 5 0
16 5 0
175 70 0
99 149 0
94 19 0
167 193 0
161 96 0
138 172 0
184 115 0
17 98 0
124 117 0
187 113 0
62 40 0
152 70 0
84 129 0
13 141 0
87 29 0
98 62 0
99 197 0
11 145 0
168 178 0
139 81 0
26 77 0
53 10 0
192 23 0
108 68 0
140 96 0
181 155 0
88 133 0
177 124 0
15 190 0
18 102 0
20 116 0
164 71 0
114 175 0
17 34 0
105 156 0
116 131 0
185 121 0
141 177 0
144 2 0
46 37 0
50 179 0
144 138 0
65 121 0
15 80 0
63 33 0
182 83 0
149 146 0
107 15 0
73 124 0
50 130 0
32 118 0
61 17 0
39 154 0
146 184 0
108 144 0
21 158 0
124 165 0
49 189 0
38 64 0
69 101 0
49 3 0
137 198 0
101 44 0
166 126 0
120 168 0
56 152 0
86 69 0
121 125 0
175 67 0
109 84 0
164 82 0
42 88 0
199 43 0
29 189 0
107 98 0
91 108 0
53 180 0
59 154 0
176 25 0
80 96 0
193 88 0
0 79 0
157 73 0
156 132 0
140 18 0
16 104 0
100 11 0
144 52 0
54 173 0
41 114 0
23 84 0
22 76 0
64 81 0
182 40 0
106 62 0
88 51 0
150 88 0
82 59 0
161 39 0
192 54 0
57 160 0
110 109 0
171 55 0
161 26 0
180 155 0
140 4 0
39 162 0
80 104 0
44 63 0
96 102 0
77 185 0
154 180 0
25 188 0
39 139 0
27 31 0
193 36 0
144 55 0
98 115 0
110 59 0
93 91 0
14 33 0
47 6 0
148 79 0
62 144 0
94 158 0
198 172 0
95 104 0
104 121 0
93 143 0
60 72 0
127 5 0
109 71 0
12 7 0
186 123 0
18 80 0
166 185 0
65 165 0
191 165 0
44 5 0
61 139 0
163 60 0
63 59 0
164 167 0
132 9 0
110 144 0
82 189 0
101 143 0
60 113 0
102 199 0
188 72 0
31 106 0
57 48 0
71 0 0
14 116 0
5 75 0
7 121 0
87 70 0
180 52 0
189 64 0
61 99 0
8 95 0
89 109 0
38 101 0
174 92 0
100 163 0
165 83 0
69 174 0
132 141 0
175 146 0
57 132 0
173 16 0
53 61 0
86 185 0
65 75 0
1 78 0
126 9 0
126 167 0
70 116 0
69 45 0
9 121 0
8 174 0
5 77 0
148 137 0
170 75 0
35 179 0
195 165 0
173 33 0
151 38 0
60 104 0
69 187 0
114 195 0
106 136 0
111 127 0
181 120 0
1 141 0
46 6 0
171 147 0
95 141 0
174 82 0
121 134 0
42 116 0
100 168 0
102 3 0
6 162 0
107 27 0
149 173 0
22 8 0
110 134 0
135 43 0
6 136 0
185 5 0
94 108 0
152 141 0
49 126 0
23 122 0
13 18 0
191 113 0
186 93 0
116 144 0
55 175 0
172 157 0
149 194 0
165 59 0
80 52 0
54 39 0
189 191 0
44 35 0
99 196 0
177 149 0
74 0 0
23 87 0
170 14 0
152 156 0
59 68 0
101 115 0
196 73 0
24 145 0
19 141 0
156 52 0
193 162 0
91 134 0
154 135 0
170 53 0
83 147 0
154 157 0
99 178 0
197 70 0
144 149 0
26 4 0
170 79 0
71 166 0
104 47 0
63 76 0
188 171 0
128 181 0
133 19 0
68 87 0
154 38 0
93 189 0
185 47 0
146 84 0
177 95 0
154 122 0
45 133 0
78 15 0
12 101 0
133 69 0
148 196 0
145 88 0
167 73 0
21 52 0
92 89 0
140 198 0
127 33 0
187 64 0
32 85 0
149 10 0
181 55 0
84 26 0
140 114 0
193 153 0
167 126 0
174 115 0
122 119 0
3 41 0
144 176 0
93 36 0
66 185 0
186 193 0
170 173 0
10 3 0
10 159 0
165 191 0
166 1 0
169 107 0
115 162 0
12 82 0
88 186 0
149 162 0
57 104 0
155 1 0
80 1 0
189 146 0
186 175 0
92 109 0
100 102 0
64 110 0
13 29 0
54 131 0
182 23 0
38 97 0
138 2 0
131 178 0
140 32 0
141 197 0
136 96 0
198 168 0
97 139 0
67 36 0
114 111 0
145 166 0
165 9 0
77 178 0
190 83 0
61 172 0
58 100 0
21 196 0
54 104 0
175 195 0
136 68 0
192 24 0
116 143 0
144 166 0
82 11 0
2 149 0
74 99 0
115 39 0
60 144 0
169 50 0
27 31 0
174 86 0
83 195 0
82 137 0
51 9 0
132 187 0
163 146 0
172 107 0
112 6 0
71 66 0
155 145 0
165 23 0
185 177 0
167 154 0
179 195 0
137 153 0
33 20 0
100 115 0
158 151 0
77 42 0
90 154 0
71 53 0
100 43 0
160 164 0
50 31 0
30 157 0
177 147 0
180 114 0
124 148 0
20 103 0
95 158 0
56 128 0
178 108 0
43 88 0
59 72 0
83 149 0
179 154 0
154 31 0
150 115 0
196 152 0
98 26 0
109 75 0
174 90 0
141 98 0
38 162 0
154 85 0
120 162 0
13 50 0
71 8 0
91 130 0
81 126 0
32 60 0
32 186 0
91 182 0
53 87 0
134 152 0
66 196 0
179 192 0
86 121 0
42 76 0
35 196 0
161 107 0
159 174 0
157 30 0
182 0 0
112 63 0
78 96 0
75 111 0
35 167 0
45 88 0
6 132 0
192 24 0
128 124 0
16 14 0
197 59 0
42 32 0
55 3 0
139 166 0
129 48 0
148 63 0
49 13 0
79 127 0
109 154 0
190 144 0
73 36 0
185 80 0
168 177 0
104 48 0
53 73 0
62 50 0
132 56 0
82 139 0
11 21 0
58 92 0
22 6 0
155 23 0
19 34 0
102 129 0
141 93 0
25 14 0
81 162 0
46 49 0
92 103 0
97 145 0
176 111 0
196 60 0
119 30 0
151 130 0
52 9 0
22 26 0
16 177 0
49 187 0
164 151 0
68 57 0
44 94 0
71 125 0
8 70 0
126 100 0
125 175 0
46 53 0
86 194 0
113 157 0
24 64 0
87 28 0
26 61 0
54 42 0
191 103 0
181 155 0
55 50 0
12 51 0
96 35 0
177 104 0
105 55 0
5 182 0
31 3 0
35 69 0
197 148 0
27 173 0
165 114 0
2 143 0
176 56 0
185 167 0
112 118 0
74 119 0
168 38 0
170 64 0
73 147 0
121 131 0
3 78 0
113 186 0
81 149 0
55 30 0
49 82 0
155 166 0
149 157 0
109 77 0
166 46 0
44 30 0
165 70 0
149 85 0
108 119 0
102 133 0
19 23 0
16 174 0
101 130 0
160 134 0
31 15 0
116 32 0
98 71 0
151 199 0
29 12 0
76 147 0
59 72 0
177 176 0
142 126 0
13 2 0
45 115 0
135 16 0
90 152 0
190 191 0
34 150 0
77 17 0
166 193 0
1 16 0
65 152 0
15 46 0
117 91 0
193 128 0
163 122 0
56 57 0
48 69 0
59 45 0
137 146 0
62 27 0
50 52 0
171 84 0
155 48 0
53 121 0
42 55 0
89 59 0
159 56 0
57 76 0
147 50 0
4 62 0
124 12 0
119 124 0
82 130 0
169 19 0
76 183 0
46 127 0
188 17 0
163 143 0
18 17 0
16 12 0
24 57 0
71 135 0
113 128 0
164 12 0
130 120 0
26 6 0
133 97 0
130 15 0
27 51 0
186 55 0
35 32 0
182 175 0
2 98 0
70 172 0
67 86 0
184 91 0
143 7 0
178 8 0
87 142 0
20 169 0
63 46 0
175 196 0
143 105 0
163 170 0
156 149 0
177 143 0
133 112 0
70 87 0
10 140 0
59 77 0
26 43 0
120 121 0
2 50 0
129 89 0
193 101 0
58 56 0
147 33 0
4 90 0
90 167 0
12 199 0
116 142 0
142 1 0
54 13 0
89 64 0
105 148 0
93 132 0
144 165 0
5 146 0
167 87 0
188 160 0
188 46 0
168 136 0
32 172 0
178 122 0
91 143 0
121 7 0
85 16 0
161 91 0
181 50 0
107 86 0
198 152 0
170 94 0
69 176 0
41 36 0
63 181 0
197 3 0
27 117 0
139 11 0
90 70 0
134 133 0
165 7 0
141 2 0
23 54 0
93 4 0
104 152 0
91 102 0
104 61 0
149 173 0
189 142 0
9 4 0
123 158 0
8 150 0
76 99 0
114 118 0
121 48 0
51 86 0
55 144 0
40 31 0
198 133 0
35 102 0
85 78 0
157 141 0
92 106 0
114 81 0
48 76 0
38 171 0
34 46 0
73 62 0
97 187 0
180 19 0
187 32 0
105 195 0
176 98 0
26 127 0
183 13 0
29 21 0
44 186 0
162 136 0
44 29 0
169 92 0
105 7 0
15 91 0
5 41 0
154 103 0
28 86 0
74 168 0
118 131 0
163 47 0
29 189 0
174 13 0
154 155 0
34 198 0
94 196 0
86 138 0
177 56 0
183 82 0
15 150 0
126 173 0
191 80 0
28 20 0
166 102 0
188 37 0
33 103 0
36 63 0
92 162 0
28 198 0
117 62 0
197 11 0
10 83 0
102 188 0
91 37 0
22 59 0
187 148 0
184 179 0
28 12 0
151 147 0
66 139 0
136 99 0
194 172 0
114 86 0
134 142 0
84 3 0
156 33 0
155 160 0
106 177 0
171 93 0
126 155 0
24 106 0
119 175 0
5 185 0
66 141 0
85 60 0
113 151 0
98 47 0
94 135 0
51 50 0
168 170 0
169 37 0
39 76 0
150 97 0
6 121 0
142 132 0
77 167 0
190 196 0
94 196 0
134 161 0
137 171 0
21 3 0
122 72 0
2 168 0
7 5 0
171 175 0
175 140 0
13 166 0
17 163 0
63 23 0
36 6 0
107 113 0
125 49 0
62 19 0
197 196 0
180 87 0
119 154 0
90 41 0
26 92 0
10 33 0
50 181 0
160 25 0
73 125 0
192 90 0
40 55 0
65 77 0
13 124 0
190 90 0
174 4 0
110 171 0
152 42 0
58 71 0
65 126 0
193 75 0
111 43 0
8 72 0
20 33 0
149 12 0
76 190 0
20 141 0
67 185 0
66 9 0
76 40 0
14 138 0
163 118 0
132 22 0
142 81 0
122 7 0
159 115 0
34 23 0
110 42 0
47 131 0
27 196 0
95 103 0
186 115 0
45 53 0
101 63 0
15 129 0
55 181 0
67 18 0
99 199 0
40 41 0
32 115 0
48 144 0
30 82 0
167 93 0
76 14 0
24 104 0
10 119 0
159 149 0
187 156 0
154 88 0
19 169 0
169 74 0
150 36 0
45 50 0
187 37 0
43 172 0
152 44 0
116 135 0
126 83 0
28 155 0
97 4 0
11 59 0
75 170 0
8 62 0
127 115 0
102 98 0
84 71 0
173 35 0
59 170 0
37 47 0
7 32 0
19 160 0
76 135 0
95 155 0
170 75 0
62 19 0
79 73 0
78 106 0
195 39 0
169 74 0
154 23 0
173 190 0
95 98 0
177 106 0
68 166 0
153 75 0
199 124 0
187 27 0
59 82 0
134 181 0
109 196 0
0 188 0
21 31 0
95 169 0
22 16 0
43 128 0
39 168 0
118 86 0
66 96 0
193 86 0
14 98 0
114 165 0
23 101 0
193 34 0
136 127 0
16 45 0
76 168 0
186 97 0
199 33 0
18 21 0
49 62 0
101 40 0
182 20 0
79 49 0
68 24 0
87 82 0
122 1 0
48 97 0
103 193 0
132 191 0
72 100 0
36 148 0
68 174 0
198 20 0
7 16 0
193 8 0
30 95 0
49 13 0
67 80 0
14 87 0
104 101 0
169 178 0
103 169 0
28 158 0
114 112 0
101 187 0
12 89 0
135 32 0
64 85 0
52 71 0
102 198 0
80 132 0
45 81 0
97 112 0
113 111 0
199 169 0
13 120 0
147 68 0
42 127 0
178 156 0
39 79 0
95 51 0
168 183 0
36 32 0
68 40 0
56 122 0
38 88 0
55 83 0
169 152 0
147 34 0
16 146 0
3 29 0
67 102 0
97 61 0
30 27 0
17 69 0
106 65 0
73 26 0
48 109 0
11 116 0
149 67 0
39 140 0
155 46 0
23 76 0
150 171 0
62 166 0
69 65 0
195 88 0
167 44 0
149 197 0
23 119 0
67 129 0
184 140 0
108 32 0
1 119 0
100 150 0
138 139 0
90 45 0
137 66 0
73 88 0
189 135 0
54 58 0
0 2 0
147 119 0
198 48 0
69 22 0
167 136 0
28 11 0
87 29 0
82 188 0
131 172 0
79 174 0
40 42 0
57 29 0
177 63 0
39 129 0
65 138 0
1 16 0
187 70 0
38 106 0
158 141 0
10 138 0
105 97 0
119 139 0
37 50 0
112 117 0
24 81 0
86 16 0
124 143 0
45 53 0
6 37 0
135 72 0
175 88 0
88 162 0
158 78 0
69 116 0
171 31 0
6 76 0
128 125 0
168 166 0
175 80 0
35 152 0
113 121 0
168 189 0
64 166 0
43 70 0
3 130 0
94 178 0
18 134 0
93 128 0
12 162 0
196 136 0
145 2 0
164 25 0
127 132 0
143 54 0
164 178 0
6 78 0
99 127 0
67 115 0
93 62 0
138 48 0
144 184 0
178 114 0
119 71 0
42 83 0
185 38 0
19 130 0
192 184 0
156 119 0
68 99 0
126 33 0
78 132 0
111 129 0
11 130 0
45 56 0
193 135 0
104 89 0
119 35 0
4 38 0
106 198 0
74 92 0
37 45 0
22 181 0
181 130 0
53 50 0
30 179 0
83 60 0
63 146 0
189 75 0
28 186 0
83 173 0
121 140 0
63 41 0
175 67 0
31 81 0
65 57 0
125 54 0
55 148 0
78 41 0
38 60 0
20 73 0
120 35 0
19 110 0
110 48 0
48 146 0
21 170 0
86 36 0
163 61 0
103 146 0
94 121 0
156 20 0
175 11 0
120 163 0
47 198 0
156 86 0
11 176 0
159 131 0
164 131 0
193 26 0
131 42 0
172 104 0
164 58 0
141 127 0
71 44 0
25 166 0
117 181 0
186 45 0
192 106 0
160 40 0
56 117 0
78 67 0
45 189 0
151 9 0
120 144 0
36 51 0
186 8 0
156 150 0
67 97 0
29 90 0
93 7 0
56 11 0
188 194 0
56 181 0
100 16 0
173 109 0
133 3 0
128 131 0
192 79 0
140 65 0
24 176 0
116 162 0
185 24 0
65 4 0
73 46 0
94 167 0
53 103 0
130 42 0
97 138 0
175 150 0
154 100 0
59 40 0
55 187 0
171 47 0
19 63 0
112 43 0
40 181 0
157 25 0
5 22 0
181 31 0
69 27 0
150 122 0
130 80 0
116 28 0
18 43 0
178 124 0
143 189 0
116 198 0
128 39 0
198 147 0
103 110 0
142 143 0
43 100 0
120 1 0
122 53 0
32 143 0
80 182 0
18 11 0
14 134 0
191 184 0
130 121 0
108 73 0
110 177 0
24 38 0
168 22 0
186 71 0
84 128 0
166 128 0
180 38 0
81 55 0
91 65 0
198 172 0
47 168 0
135 13 0
55 126 0
197 185 0
47 57 0
58 109 0
147 3 0
56 85 0
26 141 0
166 145 0
21 146 0
183 54 0
1 27 0
119 152 0
151 166 0
120 86 0
179 175 0
164 128 0
112 163 0
185 123 0
72 172 0
157 171 0
127 14 0
9 105 0
107 175 0
50 80 0
73 186 0
134 75 0
13 53 0
179 164 0
171 51 0
2 102 0
179 166 0
30 91 0
129 167 0
14 1 0
139 172 0
124 66 0
138 133 0
172 197 0
108 174 0
77 134 0
160 163 0
9 125 0
16 140 0
89 187 0
191 91 0
41 170 0
57 71 0
14 138 0
190 28 0
139 130 0
152 16 0
148 90 0
149 72 0
39 10 0
47 116 0
144 159 0
79 105 0
85 47 0
45 126 0
186 188 0
18 27 0
159 27 0
50 173 0
166 41 0
153 57 0
123 106 0
25 71 0
148 175 0
96 188 0
185 95 0
56 129 0
54 136 0
34 91 0
135 31 0
18 122 0
19 188 0
101 178 0
167 104 0
103 85 0
145 57 0
95 20 0
115 120 0
43 63 0
95 139 0
3 32 0
34 60 0
161 41 0
148 147 0
84 83 0
178 54 0
157 198 0
42 11 0
128 162 0
115 184 0
47 12 0
41 94 0
32 108 0
15 75 0
123 62 0
15 127 0
95 1 0
187 8 0
194 135 0
108 79 0
170 86 0
133 128 0
36 128 0
139 165 0
42 6 0
149 89 0
18 142 0
136 50 0
50 151 0
125 173 0
165 92 0
52 12 0
46 39 0
21 40 0
126 129 0
71 97 0
167 5 0
177 156 0
85 68 0
121 127 0
74 22 0
168 44 0
116 104 0
94 118 0
7 171 0
43 173 0
16 96 0
185 62 0
87 158 0
54 14 0
39 126 0
63 159 0
83 192 0
115 120 0
12 188 0
47 38 0
10 167 0
82 78 0
24 128 0
196 31 0
99 191 0
156 67 0
87 94 0
129 175 0
52 136 0
141 44 0
62 156 0
3 97 0
148 118 0
17 112 0
106 16 0
150 68 0
183 184 0
98 7 0
112 94 0
191 163 0
85 147 0
31 125 0
41 160 0
52 46 0
48 193 0
90 110 0
101 45 0
7 1 0
115 176 0
113 173 0
192 15 0
41 176 0
199 91 0
135 63 0
185 126 0
26 22 0
26 57 0
99 19 0
170 151 0
65 18 0
96 107 0
81 197 0
152 40 0
198 67 0
17 63 0
40 9 0
78 33 0
137 29 0
124 25 0
92 61 0
103 119 0
36 129 0
128 135 0
149 98 0
87 166 0
69 135 0
74 150 0
133 26 0
190 83 0
46 159 0
99 86 0
121 177 0
72 10 0
159 148 0
35 3 0
10 91 0
122 198 0
20 3 0
133 121 0
53 172 0
88 122 0
60 114 0
24 193 0
140 167 0
28 186 0
126 127 0
25 199 0
57 49 0
10 16 0
19 159 0
88 94 0
157 61 0
49 43 0
182 102 0
167 22 0
177 27 0
136 1 0
172 29 0
168 153 0
167 47 0
80 144 0
46 89 0
193 56 0
57 143 0
54 29 0
102 94 0
75 12 0
155 124 0
7 138 0
26 126 0
112 3 0
154 49 0
157 78 0
30 125 0
31 197 0
124 64 0
142 171 0
153 135 0
179 163 0
30 185 0
192 133 0
80 67 0
97 35 0
191 56 0
125 169 0
182 190 0
125 88 0
39 82 0
167 69 0
159 150 0
18 84 0
14 160 0
7 120 0
48 186 0
83 78 0
124 75 0
163 156 0
94 12 0
143 37 0
68 69 0
6 51 0
11 83 0
91 2 0
165 10 0
71 125 0
161 41 0
161 127 0
2 168 0
47 50 0
106 82 0
80 30 0
109 44 0
138 3 0
56 82 0
40 77 0
103 47 0
128 114 0
82 171 0
116 48 0
182 139 0
125 143 0
180 38 0
70 182 0
6 70 0
184 64 0
152 65 0
47 62 0
61 185 0
17 117 0
67 58 0
194 170 0
57 74 0
84 139 0
46 0 0
139 180 0
139 64 0
123 120 0
102 145 0
54 60 0
167 39 0
125 120 0
56 124 0
134 117 0
109 151 0
186 129 0
161 133 0
99 18 0
7 136 0
110 5 0
88 49 0
185 28 0
114 60 0
100 168 0
158 106 0
29 125 0
97 106 0
197 153 0
182 83 0
22 91 0
187 9 0
172 148 0
94 24 0
167 101 0
160 77 0
59 48 0
126 196 0
28 192 0
9 80 0
113 119 0
187 94 0
44 84 0
0 194 0
190 134 0
77 164 0
25 16 0
173 150 0
165 67 0
174 84 0
121 134 0
113 132 0
134 191 0
128 163 0
136 89 0
195 49 0
8 182 0
143 5 0
19 95 0
199 9 0
29 28 0
173 6 0
45 99 0
156 162 0
118 130 0
46 191 0
64 111 0
123 151 0
102 4 0
114 38 0
93 109 0
87 54 0
44 182 0
59 63 0
77 10 0
24 106 0
38 149 0
113 35 0
48 69 0
149 119 0
152 195 0
110 16 0
58 186 0
167 161 0
190 33 0
151 35 0
95 39 0
41 91 0
173 100 0
154 51 0
110 178 0
157 101 0
79 22 0
88 128 0
92 38 0
47 196 0
185 109 0
12 44 0
95 132 0
157 37 0
117 108 0
25 164 0
99 66 0
55 73 0
119 9 0
124 29 0
139 33 0
82 19 0
56 171 0
99 100 0
161 98 0
96 146 0
159 60 0
142 7 0
144 99 0
44 62 0
8 21 0
178 59 0
40 34 0
132 159 0
195 8 0
140 87 0
42 23 0
58 50 0
146 157 0
150 107 0
7 46 0
5 166 0
58 148 0
173 3 0
47 170 0
17 7 0
143 195 0
67 183 0
29 151 0
142 25 0
112 35 0
112 154 0
10 170 0
4 156 0
79 106 0
15 86 0
152 20 0
4 10 0
168 178 0
165 168 0
100 182 0
127 43 0
178 146 0
27 7 0
98 121 0
32 162 0
156 96 0
116 118 0
18 72 0
74 97 0
178 41 0
135 82 0
62 140 0
92 182 0
70 10 0
102 170 0
192 182 0
13 170 0
128 192 0
66 162 0
140 174 0
11 8 0
93 29 0
80 119 0
79 58 0
161 166 0
140 175 0
58 185 0
109 128 0
195 12 0
50 187 0
194 16 0
110 74 0
8 88 0
53 74 0
2 145 0
49 13 0
154 94 0
195 34 0
13 74 0
45 126 0
192 185 0
101 51 0
122 11 0
179 117 0
175 182 0
57 121 0
198 167 0
195 158 0
7 0 0
185 9 0
146 186 0
175 52 0
80 170 0
86 45 0
196 131 0
172 188 0
69 73 0
39 191 0
36 171 0
61 11 0
153 70 0
132 103 0
37 80 0
61 196 0
32 46 0
5 130 0
184 180 0
182 64 0
102 69 0
110 50 0
152 82 0
39 173 0
107 30 0
165 144 0
1 178 0
155 106 0
48 40 0
9 85 0
72 23 0
81 104 0
21 38 0
187 6 0
171 169 0
22 25 0
190 84 0
76 95 0
166 115 0
68 26 0
145 33 0
170 99 0
11 125 0
157 11 0
117 119 0
96 141 0
142 129 0
198 115 0
120 185 0
73 91 0
154 96 0
68 97 0
180 144 0
192 99 0
59 60 0
125 157 0
46 95 0
8 9 0
172 165 0
21 42 0
36 69 0
183 178 0
151 181 0
46 23 0
166 119 0
114 73 0
15 134 0
122 148 0
79 114 0
199 90 0
126 124 0
199 124 0
171 7 0
86 95 0
125 107 0
137 113 0
128 121 0
44 31 0
54 90 0
54 173 0
9 120 0
46 177 0
55 168 0
77 134 0
34 76 0
176 112 0
152 176 0
37 123 0
135 123 0
18 12 0
182 108 0
126 62 0
181 170 0
46 35 0
12 100 0
8 21 0
21 6 0
150 28 0
126 27 0
114 160 0
55 90 0
25 7 0
18 62 0
82 154 0
137 101 0
118 71 0
161 44 0
85 142 0
166 131 0
129 178 0
32 138 0
152 5 0
144 54 0
185 23 0
34 99 0
183 89 0
141 8 0
49 160 0
22 131 0
66 111 0
134 145 0
181 20 0
39 99 0
103 169 0
78 87 0
107 182 0
92 3 0
188 29 0
26 22 0
80 162 0
64 22 0
122 113 0
134 97 0
44 0 0
160 181 0
136 95 0
126 117 0
67 166 0
169 170 0
87 47 0
58 146 0
181 102 0
149 169 0
84 128 0
144 164 0
42 8 0
186 164 0
73 72 0
13 117 0
24 174 0
50 161 0
21 129 0
30 88 0
47 199 0
10 134 0
198 20 0
80 131 0
75 181 0
101 159 0
109 197 0
123 151 0
5 62 0
68 78 0
134 81 0
147 159 0
7 198 0
72 28 0
127 54 0
68 174 0
54 79 0
60 4 0
51 140 0
136 126 0
121 189 0
37 183 0
186 161 0
86 143 0
175 154 0
21 61 0
188 120 0
172 195 0
70 44 0
24 149 0
51 92 0
75 105 0
123 135 0
61 175 0
75 149 0
53 149 0
138 43 0
132 76 0
4 18 0
19 131 0
125 40 0
192 113 0
113 117 0
60 183 0
113 84 0
133 164 0
129 8 0
21 52 0
96 83 0
179 171 0
32 185 0
120 123 0
28 4 0
199 184 0
23 19 0
67 148 0
13 76 0
128 73 0
60 42 0
110 145 0
6 39 0
105 28 0
43 1 0
63 175 0
125 95 0
112 197 0
170 140 0
2 170 0
76 25 0
141 143 0
125 152 0
154 90 0
29 35 0
115 41 0
77 25 0
138 83 0
16 195 0
63 60 0
197 126 0
187 74 0
174 99 0
71 144 0
191 73 0
66 19 0
50 7 0
162 127 0
112 68 0
17 93 0
103 85 0
86 180 0
110 24 0
16 127 0
19 31 0
139 168 0
158 78 0
42 84 0
177 66 0
28 120 0
139 95 0
139 190 0
54 53 0
69 166 0
121 39 0
11 177 0
124 97 0
109 34 0
73 125 0
113 45 0
157 4 0
13 67 0
82 8 0
151 59 0
74 131 0
131 165 0
26 70 0
107 33 0
123 177 0
151 197 0
16 163 0
174 140 0
12 83 0
126 86 0
161 40 0
131 118 0
196 96 0
137 79 0
56 88 0
90 82 0
19 22 0
48 198 0
92 155 0
31 168 0
84 134 0
165 100 0
97 91 0
192 62 0
174 119 0
148 135 0
111 31 0
5 107 0
127 142 0
186 136 0
30 77 0
18 2 0
51 66 0
0 95 0
174 183 0
63 58 0
117 180 0
159 167 0
71 103 0
29 198 0
22 129 0
133 85 0
160 91 0
145 39 0
33 131 0
175 16 0
160 194 0
18 163 0
12 170 0
59 186 0
105 74 0
45 22 0
55 156 0
141 78 0
59 122 0
76 82 0
51 162 0
119 11 0
53 64 0
3 38 0
148 178 0
6 60 0
124 176 0
24 137 0
146 35 0
123 51 0
109 168 0
26 116 0
124 167 0
195 136 0
42 23 0
170 93 0
185 89 0
57 190 0
154 60 0
181 54 0
190 187 0
114 115 0
164 90 0
4 110 0
125 127 0
114 35 0
48 140 0
151 124 0
59 98 0
60 101 0
122 30 0
147 59 0
72 4 0
50 178 0
16 31 0
32 6 0
170 98 0
73 134 0
189 77 0
197 114 0
157 111 0
149 157 0
3 53 0
81 14 0
151 94 0
68 73 0
124 15 0
133 196 0
171 135 0
174 187 0
118 158 0
145 88 0
57 171 0
23 46 0
0 20 0
160 109 0
83 62 0
66 38 0
115 148 0
4 18 0
194 72 0
92 118 0
39 177 0
67 10 0
112 193 0
149 30 0
152 47 0
118 161 0
170 93 0
7 170 0
65 119 0
80 148 0
181 98 0
138 48 0
198 143 0
67 192 0
167 111 0
63 7 0
88 130 0
169 152 0
75 71 0
134 179 0
70 52 0
140 40 0
98 99 0
162 163 0
19 194 0
64 152 0
93 2 0
153 91 0
97 172 0
36 65 0
83 99 0
24 123 0
29 145 0
75 56 0
16 9 0
36 38 0
13 128 0
78 111 0
28 193 0
27 199 0
187 91 0
103 32 0
93 56 0
76 143 0
28 112 0
8 63 0
11 184 0
138 192 0
129 165 0
48 146 0
126 36 0
184 140 0
165 15 0
3 145 0
160 30 0
144 147 0
121 199 0
132 167 0
56 8 0
110 36 0
120 70 0
52 83 0
54 190 0
75 183 0
156 75 0
81 82 0
112 18 0
174 29 0
185 178 0
174 145 0
160 70 0
44 34 0
69 176 0
153 77 0
136 15 0
114 8 0
85 166 0
156 118 0
26 112 0
194 60 0
147 106 0
30 121 0
135 167 0
51 61 0
112 12 0
131 108 0
198 0 0
37 151 0
78 173 0
166 144 0
134 3 0
62 25 0
46 18 0
96 24 0
83 90 0
36 182 0
196 66 0
103 83 0
33 107 0
144 97 0
71 27 0
6 69 0
179 43 0
172 9 0
168 90 0
153 102 0
93 15 0
80 91 0
186 176 0
67 21 0
66 104 0
3 14 0
170 106 0
49 156 0
13 145 0
53 84 0
172 59 0
105 151 0
54 77 0
113 23 0
167 18 0
77 12 0
34 157 0
55 172 0
85 123 0
193 103 0
27 196 0
69 149 0
54 118 0
105 20 0
15 159 0
56 187 0
18 162 0
91 25 0
39 156 0
48 159 0
174 77 0
171 160 0
187 179 0
132 72 0
102 77 0
176 129 0
73 197 0
78 80 0
68 184 0
100 83 0
95 108 0
71 65 0
70 114 0
90 62 0
70 90 0
173 44 0
168 144 0
157 155 0
75 89 0
27 177 0
167 155 0
58 192 0
105 89 0
72 173 0
25 124 0
56 120 0
33 79 0
185 55 0
145 76 0
117 167 0
166 90 0
164 134 0
187 121 0
41 62 0
10 21 0
192 177 0
128 50 0
122 33 0
91 194 0
6 116 0
71 15 0
36 104 0
94 174 0
159 192 0
50 29 0
159 168 0
71 123 0
55 58 0
44 96 0
73 55 0
69 17 0
184 198 0
67 58 0
31 111 0
53 190 0
27 76 0
157 64 0
180 51 0
38 91 0
43 40 0
120 155 0
160 144 0
78 15 0
154 123 0
64 179 0
130 133 0
196 66 0
131 16 0
125 115 0
127 130 0
57 154 0
6 14 0
170 138 0
17 160 0
29 61 0
152 102 0
168 113 0
198 46 0
128 152 0
121 192 0
132 51 0
126 128 0
70 9 0
144 147 0
124 71 0
77 181 0
178 35 0
195 148 0
173 13 0
61 154 0
26 13 0
8 194 0
126 6 0
192 55 0
159 114 0
199 91 0
117 77 0
171 187 0
87 116 0
86 163 0
139 163 0
145 69 0
150 92 0
18 123 0
57 79 0
30 35 0
92 38 0
181 171 0
45 174 0
26 156 0
40 177 0
199 109 0
55 170 0
97 94 0
38 135 0
57 178 0
99 154 0
47 49 0
199 17 0
125 56 0
48 155 0
44 93 0
145 25 0
64 142 0
151 42 0
98 143 0
19 49 0
53 26 0
20 102 0
120 58 0
37 130 0
188 88 0
84 188 0
90 83 0
157 15 0
92 6 0
122 136 0
99 19 0
113 115 0
162 65 0
157 12 0
160 128 0
62 13 0
107 34 0
115 27 0
44 153 0
109 185 0
193 194 0
173 83 0
29 130 0
98 121 0
88 172 0
9 139 0
192 123 0
6 154 0
140 163 0
118 100 0
44 180 0
114 151 0
166 181 0
130 11 0
86 40 0
196 80 0
186 121 0
163 15 0
3 14 0
89 92 0
138 98 0
183 130 0
21 190 0
36 161 0
105 155 0
14 101 0
87 128 0
52 54 0
61 135 0
17 148 0
127 165 0
180 113 0
86 95 0
80 89 0
109 169 0
133 48 0
20 69 0
130 41 0
59 167 0
155 116 0
74 169 0
18 161 0
49 22 0
167 110 0
157 136 0
10 36 0
101 142 0
101 187 0
38 182 0
29 147 0
103 162 0
147 123 0
183 78 0
117 42 0
197 72 0
111 71 0
193 129 0
184 42 0
103 104 0
104 13 0
40 67 0
49 142 0
9 151 0
81 47 0
85 110 0
147 188 0
25 94 0
64 8 0
124 181 0
3 73 0
5 114 0
144 198 0
195 81 0
192 50 0
185 96 0
63 25 0
163 113 0
119 173 0
16 1 0
172 101 0
111 119 0
41 88 0
166 57 0
49 42 0
190 52 0
116 195 0
118 12 0
145 65 0
93 137 0
115 78 0
186 179 0
56 149 0
44 175 0
74 60 0
176 47 0
113 40 0
166 106 0
80 84 0
116 129 0
127 106 0
181 43 0
54 51 0
55 199 0
116 101 0
89 32 0
131 75 0
163 187 0
176 7 0
115 51 0
19 43 0
50 84 0
83 168 0
190 116 0
53 106 0
45 132 0
165 179 0
175 19 0
170 99 0
35 59 0
83 167 0
86 46 0
154 63 0
5 21 0
66 24 0
65 68 0
108 100 0
36 50 0
16 41 0
109 14 0
173 74 0
193 100 0
93 127 0
83 15 0
26 70 0
75 61 0
37 161 0
107 144 0
176 64 0
165 194 0
40 30 0
62 100 0
131 51 0
151 99 0
92 12 0
113 18 0
86 58 0
118 131 0
186 153 0
146 12 0
24 173 0
26 13 0
87 133 0
157 63 0
150 75 0
10 190 0
57 72 0
91 188 0
75 194 0
88 120 0
6 153 0
138 44 0
12 8 0
175 198 0
162 73 0
162 138 0
47 188 0
151 134 0
74 61 0
197 24 0
136 159 0
166 193 0
32 57 0
134 59 0
51 174 0
179 9 0
127 117 0
53 91 0
126 28 0
89 40 0
54 4 0
178 101 0
192 129 0
35 18 0
142 184 0
194 78 0
144 161 0
24 128 0
170 110 0
187 174 0
84 167 0
183 163 0
36 37 0
55 114 0
17 96 0
154 71 0
52 132 0
124 197 0
14 159 0
15 108 0
144 162 0
187 40 0
123 163 0
168 93 0
73 107 0
19 109 0
74 3 0
24 63 0
192 31 0
177 161 0
80 132 0
185 132 0
16 109 0
129 182 0
21 97 0
91 117 0
59 30 0
157 182 0
193 77 0
27 18 0
184 47 0
79 11 0
2 103 0
74 146 0
135 51 0
59 167 0
135 44 0
99 152 0
106 29 0
134 79 0
126 25 0
196 137 0
7 105 0
119 0 0
134 98 0
170 118 0
97 49 0
81 51 0
105 155 0
197 192 0
159 57 0
159 94 0
53 58 0
198 111 0
39 133 0
190 117 0
110 138 0
54 118 0
43 125 0
70 177 0
24 41 0
48 73 0
42 129 0
125 147 0
37 122 0
139 196 0
131 98 0
42 137 0
109 41 0
48 148 0
126 191 0
18 188 0
129 72 0
58 125 0
150 129 0
102 126 0
122 102 0
199 164 0
32 76 0
112 69 0
151 51 0
17 82 0
150 11 0
171 11 0
52 20 0
159 130 0
163 177 0
119 92 0
2 177 0
17 104 0
58 72 0
30 180 0
174 181 0
145 158 0
58 57 0
27 9 0
60 196 0
43 162 0
8 167 0
173 12 0
139 85 0
143 102 0
194 168 0
191 164 0
72 50 0
188 54 0
182 162 0
36 127 0
121 46 0
136 100 0
7 197 0
49 2 0
111 57 0
169 85 0
21 108 0
170 164 0
10 136 0
130 157 0
105 122 0
73 177 0
124 61 0
32 106 0
23 20 0
186 96 0
66 122 0
197 25 0
71 198 0
27 183 0
55 197 0
20 28 0
57 142 0
145 68 0
78 75 0
177 183 0
197 50 0
113 73 0
111 145 0
180 86 0
117 118 0
40 132 0
160 64 0
130 187 0
199 137 0
136 19 0
117 194 0
113 62 0
14 191 0
138 143 0
127 87 0
193 40 0
161 56 0
137 93 0
94 54 0
11 29 0
189 3 0
161 101 0
67 43 0
88 66 0
132 177 0
37 50 0
123 150 0
112 137 0
94 50 0
32 173 0
90 177 0
165 51 0
33 102 0
144 79 0
108 107 0
109 49 0
110 22 0
150 178 0
66 190 0
196 150 0
167 34 0
152 90 0
136 17 0
179 182 0
19 11 0
155 109 0
188 120 0
160 173 0
174 56 0
53 34 0
163 162 0
35 74 0
184 185 0
4 2 0
176 0 0
105 95 0
186 57 0
138 123 0
74 117 0
57 94 0
81 13 0
3 21 0
85 116 0
195 12 0
172 0 0
46 136 0
162 82 0
162 98 0
19 118 0
53 147 0
118 158 0
43 57 0
167 133 0
132 194 0
50 189 0
88 131 0
2 43 0
105 40 0
159 100 0
52 132 0
100 50 0
20 14 0
132 134 0
64 104 0
52 69 0
51 122 0
179 46 0
179 147 0
179 111 0
141 182 0
101 181 0
65 55 0
24 170 0
95 136 0
22 99 0
20 122 0
150 40 0
88 34 0
174 105 0
138 178 0
174 142 0
100 106 0
140 80 0
53 120 0
191 146 0
54 44 0
79 119 0
52 55 0
90 147 0
191 112 0
47 11 0
187 149 0
3 27 0
183 129 0
84 74 0
107 11 0
16 160 0
117 156 0
40 122 0
28 183 0
20 82 0
180 99 0
2 32 0
154 44 0
179 98 0
108 178 0
61 95 0
79 65 0
75 63 0
146 159 0
89 6 0
122 105 0
166 39 0
13 6 0
161 42 0
141 133 0
76 121 0
32 30 0
153 139 0
74 85 0
189 183 0
15 50 0
30 47 0
67 57 0
62 14 0
169 151 0
172 91 0
8 138 0
131 21 0
144 44 0
15 37 0
178 44 0
159 162 0
74 64 0
53 101 0
101 42 0
84 69 0
45 66 0
116 64 0
76 178 0
78 45 0
129 50 0
136 137 0
140 19 0
110 36 0
64 78 0
74 194 0
122 185 0
108 196 0
49 114 0
97 103 0
108 133 0
172 153 0
152 88 0
18 28 0
66 48 0
25 147 0
51 161 0
36 191 0
133 146 0
28 149 0
24 54 0
95 146 0
39 3 0
95 40 0
117 144 0
143 178 0
78 67 0
131 182 0
155 101 0
10 173 0
102 187 0
120 153 0
148 108 0
96 33 0
55 76 0
182 31 0
130 77 0
130 169 0
33 25 0
162 102 0
169 105 0
80 199 0
173 164 0
181 80 0
17 143 0
54 119 0
130 126 0
24 31 0
35 73 0
64 42 0
149 199 0
73 80 0
76 155 0
1 109 0
180 163 0
12 102 0
21 44 0
53 146 0
8 35 0
130 32 0
97 61 0
159 122 0
44 146 0
195 60 0
140 96 0
59 13 0
176 136 0
169 130 0
197 101 0
45 161 0
155 66 0
158 9 0
12 166 0
44 39 0
144 126 0
71 42 0
187 182 0
116 183 0
80 63 0
44 20 0
159 103 0
186 88 0
191 107 0
170 141 0
8 15 0
102 116 0
82 60 0
125 46 0
179 121 0
85 123 0
47 109 0
117 187 0
43 33 0
170 124 0
48 14 0
96 8 0
70 82 0
48 61 0
189 18 0
2 150 0
33 57 0
66 67 0
69 143 0
114 48 0
64 151 0
124 63 0
12 41 0
50 56 0
27 173 0
132 27 0
139 28 0
187 9 0
63 35 0
23 4 0
5 177 0
154 39 0
34 172 0
58 104 0
115 172 0
104 179 0
124 28 0
195 88 0
22 45 0
144 1 0
18 28 0
28 110 0
9 16 0
119 24 0
3 142 0
28 9 0
72 183 0
0 106 0
155 58 0
162 23 0
31 67 0
2 107 0
47 197 0
195 21 0
195 92 0
22 165 0
72 3 0
75 81 0
171 147 0
57 174 0
41 86 0
135 113 0
69 135 0
172 176 0
194 134 0
199 25 0
153 154 0
84 153 0
103 31 0
174 50 0
123 149 0
168 148 0
104 43 0
181 75 0
142 39 0
1 184 0
125 89 0
97 146 0
24 69 0
122 18 0
156 74 0
195 109 0
180 31 0
62 35 0
63 189 0
86 186 0
90 54 0
86 194 0
49 68 0
21 192 0
107 174 0
176 32 0
63 25 0
178 88 0
47 52 0
58 3 0
126 6 0
64 58 0
37 79 0
94 100 0
20 132 0
39 110 0
138 125 0
104 187 0
193 77 0
131 100 0
51 107 0
132 67 0
85 62 0
155 132 0
115 165 0
87 193 0
171 151 0
52 9 0
182 98 0
61 2 0
30 100 0
112 168 0
178 168 0
155 171 0
45 87 0
24 49 0
146 108 0
116 183 0
171 23 0
67 86 0
188 154 0
31 112 0
58 83 0
73 40 0
181 134 0
43 163 0
187 107 0
131 165 0
76 39 0
88 73 0
78 112 0
122 176 0
21 190 0
160 192 0
13 27 0
30 154 0
134 13 0
18 192 0
97 91 0
184 30 0
177 27 0
146 164 0
87 29 0
81 163 0
68 170 0
188 98 0
82 111 0
27 103 0
101 139 0
47 67 0
118 29 0
173 52 0
43 191 0
196 92 0
82 181 0
74 59 0
8 20 0
176 47 0
50 57 0
162 70 0
27 151 0
121 62 0
14 148 0
165 115 0
87 165 0
134 5 0
194 107 0
10 37 0
98 6 0
81 132 0
187 156 0
144 148 0
176 120 0
195 178 0
129 158 0
1 109 0
109 122 0
171 123 0
22 88 0
190 109 0
53 77 0
66 0 0
184 76 0
189 35 0
35 71 0
167 22 0
27 111 0
122 155 0
183 118 0
86 65 0
28 87 0
174 89 0
161 145 0
164 183 0
185 154 0
44 39 0
183 110 0
191 120 0
139 180 0
155 174 0
3 74 0
148 30 0
186 71 0
138 121 0
141 176 0
186 169 0
15 160 0
58 176 0
57 22 0
159 43 0
128 3 0
34 64 0
65 25 0
184 156 0
157 139 0
130 161 0
13 31 0
143 151 0
54 33 0
73 195 0
161 11 0
164 176 0
124 174 0
152 181 0
148 63 0
176 28 0
18 162 0
92 36 0
139 76 0
192 97 0
15 75 0
10 181 0
106 153 0
132 160 0
139 157 0
155 100 0
121 71 0
77 45 0
197 181 0
26 145 0
197 155 0
173 15 0
117 66 0
51 57 0
142 196 0
